humidity,temperature,wind_speed,wind_direction_degree,precip,pressure,solar_radiation,cloud,code,text,feels_like,wind_scale,wind_direction,vapor_pressure,last_update
52.62,21.66,2.87,351,0.00,1002.90,0.00,18.84,0,晴,22.67,1,北,13.63,2022-10-31T23:00:00+08:00
53.56,21.42,5.95,19,0.00,1002.82,0.00,18.84,0,晴,21.87,1,东北,13.67,2022-11-01T00:00:00+08:00
52.76,21.12,6.90,7,0.00,1002.27,0.00,100.00,9,阴,21.29,2,北,13.22,2022-11-01T01:00:00+08:00
52.61,20.92,6.56,38,0.00,1001.94,0.00,47.69,4,多云,21.10,2,东北,13.02,2022-11-01T02:00:00+08:00
53.58,20.45,5.25,50,0.00,1001.55,0.00,76.59,4,多云,20.80,1,东北,12.88,2022-11-01T03:00:00+08:00
53.59,20.28,4.79,26,0.00,1001.21,0.00,36.67,0,晴,20.68,1,东北,12.75,2022-11-01T04:00:00+08:00
54.35,19.79,9.97,358,0.00,1001.42,0.00,0.00,0,晴,19.18,2,北,12.54,2022-11-01T05:00:00+08:00
55.64,19.41,2.53,15,0.00,1002.06,0.00,46.76,4,多云,20.12,1,东北,12.54,2022-11-01T06:00:00+08:00
53.23,19.56,9.22,23,0.00,1002.77,222.58,79.33,4,多云,18.98,2,东北,12.11,2022-11-01T08:00:00+08:00
51.96,20.52,5.42,31,0.00,1003.70,461.58,0.00,0,晴,20.78,1,东北,12.55,2022-11-01T09:00:00+08:00
51.34,21.84,2.48,47,0.00,1003.81,386.84,0.00,0,晴,22.90,1,东北,13.44,2022-11-01T10:00:00+08:00
48.63,24.04,7.11,31,0.00,1003.22,503.79,100.00,9,阴,24.64,2,东北,14.54,2022-11-01T11:00:00+08:00
45.10,26.62,3.03,32,0.00,1002.37,763.63,28.61,0,晴,28.37,1,东北,15.72,2022-11-01T12:00:00+08:00
42.33,27.11,4.28,350,0.00,1001.22,713.46,33.95,0,晴,28.56,1,北,15.19,2022-11-01T13:00:00+08:00
42.07,26.15,5.18,41,0.00,1000.21,453.84,97.57,9,阴,27.19,1,东北,14.27,2022-11-01T14:00:00+08:00
41.80,25.82,4.23,21,0.00,999.64,296.05,95.33,9,阴,26.93,1,东北,13.90,2022-11-01T15:00:00+08:00
41.38,25.63,9.76,39,0.00,999.43,230.79,100.00,9,阴,25.68,2,东北,13.61,2022-11-01T16:00:00+08:00
45.29,23.82,3.09,54,0.00,1000.81,0.00,100.00,9,阴,24.89,1,东北,13.37,2022-11-01T20:00:00+08:00
47.96,23.45,4.22,80,0.00,1001.62,0.00,100.00,9,阴,24.39,1,东,13.84,2022-11-01T21:00:00+08:00
49.04,22.97,2.67,86,0.00,1002.00,0.00,100.00,9,阴,24.14,1,东,13.75,2022-11-01T22:00:00+08:00
54.93,22.01,4.37,51,0.00,1001.69,0.00,100.00,9,阴,22.96,1,东北,14.53,2022-11-01T23:00:00+08:00
51.45,21.82,6.70,22,0.00,1001.37,0.00,100.00,9,阴,22.12,2,东北,13.45,2022-11-02T00:00:00+08:00
50.80,21.79,2.04,24,0.00,1001.07,0.00,100.00,9,阴,22.89,1,东北,13.26,2022-11-02T01:00:00+08:00
49.85,21.62,4.22,44,0.00,1000.54,0.00,100.00,9,阴,22.24,1,东北,12.88,2022-11-02T02:00:00+08:00
48.93,21.47,3.52,32,0.00,999.84,0.00,100.00,9,阴,22.13,1,东北,12.52,2022-11-02T03:00:00+08:00
47.79,21.41,5.34,30,0.00,999.35,0.00,100.00,9,阴,21.68,1,东北,12.19,2022-11-02T04:00:00+08:00
45.99,20.95,5.68,6,0.00,999.70,0.00,100.00,9,阴,20.96,1,北,11.40,2022-11-02T05:00:00+08:00
51.21,19.96,5.35,32,0.00,1000.30,0.00,98.39,9,阴,20.07,1,东北,11.94,2022-11-02T06:00:00+08:00
55.45,19.86,6.46,2,0.00,1001.04,3.46,100.00,9,阴,19.95,2,北,12.85,2022-11-02T07:00:00+08:00
59.00,18.36,6.30,22,0.45,1002.81,161.36,100.00,13,小雨,18.29,2,东北,12.46,2022-11-02T09:00:00+08:00
66.12,18.62,6.27,18,0.39,1002.93,262.34,100.00,13,小雨,18.92,2,东北,14.19,2022-11-02T11:00:00+08:00
72.52,19.14,5.68,14,0.00,1002.55,256.14,100.00,9,阴,19.96,1,东北,16.07,2022-11-02T12:00:00+08:00
72.05,18.68,6.43,47,0.00,1001.71,234.72,100.00,9,阴,19.22,2,东北,15.52,2022-11-02T13:00:00+08:00
76.63,18.63,2.45,29,0.00,1000.96,192.09,100.00,9,阴,20.07,1,东北,16.45,2022-11-02T14:00:00+08:00
82.31,17.35,2.25,23,0.61,1000.73,138.16,100.00,13,小雨,18.71,1,东北,16.31,2022-11-02T15:00:00+08:00
84.64,16.57,5.88,6,0.30,1000.81,50.62,100.00,13,小雨,17.16,1,北,15.96,2022-11-02T17:00:00+08:00
85.34,16.58,5.28,354,0.14,1000.89,0.00,100.00,13,小雨,17.30,1,北,16.10,2022-11-02T18:00:00+08:00
80.25,16.73,2.54,35,0.00,1001.18,0.00,100.00,9,阴,17.79,1,东北,15.29,2022-11-02T19:00:00+08:00
79.43,17.01,6.59,28,0.00,1001.69,0.00,100.00,9,阴,17.38,2,东北,15.40,2022-11-02T20:00:00+08:00
83.78,17.07,6.10,28,0.00,1002.15,0.00,100.00,9,阴,17.72,2,东北,16.31,2022-11-02T22:00:00+08:00
84.15,16.78,5.07,56,0.00,1002.00,0.00,100.00,9,阴,17.55,1,东北,16.08,2022-11-02T23:00:00+08:00
87.89,16.78,5.09,27,0.00,1001.92,0.00,100.00,9,阴,17.69,1,东北,16.79,2022-11-03T00:00:00+08:00
85.18,16.96,4.43,33,0.00,1002.45,0.00,100.00,9,阴,17.93,1,东北,16.46,2022-11-03T01:00:00+08:00
89.89,16.57,6.11,37,0.00,1001.49,0.00,100.00,9,阴,17.31,2,东北,16.95,2022-11-03T02:00:00+08:00
87.89,16.69,1.77,103,0.00,1000.84,0.00,100.00,9,阴,18.17,1,东南,16.70,2022-11-03T03:00:00+08:00
86.21,16.95,5.18,40,0.00,1000.87,0.00,100.00,9,阴,17.82,1,东北,16.65,2022-11-03T04:00:00+08:00
84.49,16.91,6.28,46,0.17,1001.17,0.00,100.00,13,小雨,17.51,2,东北,16.28,2022-11-03T05:00:00+08:00
86.61,16.72,3.50,65,0.14,1001.71,0.00,98.40,13,小雨,17.85,1,东北,16.49,2022-11-03T06:00:00+08:00
86.68,16.91,3.49,338,0.00,1002.37,19.99,98.40,9,阴,18.10,1,西北,16.70,2022-11-03T07:00:00+08:00
87.42,17.31,0.89,41,0.00,1003.25,129.39,96.70,9,阴,19.11,0,东北,17.27,2022-11-03T08:00:00+08:00
87.27,17.67,1.35,51,0.00,1003.90,168.60,95.95,9,阴,19.48,1,东北,17.64,2022-11-03T09:00:00+08:00
88.03,18.23,3.06,64,0.15,1004.62,194.45,95.95,13,小雨,19.93,1,东北,18.43,2022-11-03T10:00:00+08:00
86.01,18.70,1.64,9,0.00,1004.34,237.31,98.99,9,阴,20.71,1,北,18.55,2022-11-03T11:00:00+08:00
82.95,19.34,0.97,43,0.00,1004.12,211.28,99.34,9,阴,21.53,0,东北,18.62,2022-11-03T12:00:00+08:00
83.12,19.41,0.99,15,0.00,1003.53,190.73,80.57,9,阴,21.63,0,东北,18.74,2022-11-03T13:00:00+08:00
85.52,18.95,1.57,31,0.12,1003.10,170.85,100.00,13,小雨,21.03,1,东北,18.73,2022-11-03T14:00:00+08:00
88.10,18.77,3.35,46,0.37,1002.98,153.63,100.00,13,小雨,20.59,1,东北,19.08,2022-11-03T15:00:00+08:00
89.42,18.20,4.02,27,0.28,1003.30,116.19,100.00,13,小雨,19.77,1,东北,18.69,2022-11-03T16:00:00+08:00
90.21,17.73,3.06,45,0.14,1004.04,0.00,99.86,13,小雨,19.37,1,东北,18.30,2022-11-03T18:00:00+08:00
90.03,17.72,3.40,57,0.23,1004.64,0.00,99.90,13,小雨,19.29,1,东北,18.26,2022-11-03T19:00:00+08:00
90.68,17.82,4.10,21,0.28,1005.45,0.00,100.00,13,小雨,19.32,1,东北,18.50,2022-11-03T20:00:00+08:00
91.00,17.79,3.75,24,0.26,1006.04,0.00,100.00,13,小雨,19.36,1,东北,18.53,2022-11-03T21:00:00+08:00
91.50,17.75,4.56,48,0.35,1006.27,0.00,100.00,13,小雨,19.18,1,东北,18.59,2022-11-03T22:00:00+08:00
91.59,17.70,4.45,32,0.40,1006.31,0.00,100.00,13,小雨,19.13,1,东北,18.55,2022-11-03T23:00:00+08:00
91.59,17.74,4.28,34,0.44,1006.14,0.00,100.00,13,小雨,19.22,1,东北,18.60,2022-11-04T00:00:00+08:00
91.37,17.60,3.24,42,0.69,1006.11,0.00,100.00,13,小雨,19.22,1,东北,18.39,2022-11-04T01:00:00+08:00
91.21,17.57,3.97,47,1.06,1005.83,0.00,100.00,13,小雨,19.04,1,东北,18.32,2022-11-04T02:00:00+08:00
91.85,17.51,4.53,35,1.02,1005.72,0.00,100.00,13,小雨,18.88,1,东北,18.38,2022-11-04T03:00:00+08:00
91.68,17.42,1.51,22,1.08,1005.66,0.00,100.00,13,小雨,19.31,1,东北,18.24,2022-11-04T04:00:00+08:00
92.27,17.40,4.74,22,0.88,1006.02,0.00,99.93,13,小雨,18.72,1,东北,18.34,2022-11-04T05:00:00+08:00
92.79,17.31,4.17,30,0.85,1006.36,0.00,99.62,13,小雨,18.73,1,东北,18.34,2022-11-04T06:00:00+08:00
93.45,17.16,3.45,26,0.67,1006.90,4.35,99.76,13,小雨,18.69,1,东北,18.29,2022-11-04T07:00:00+08:00
93.24,17.26,5.66,15,0.33,1007.84,52.54,100.00,13,小雨,18.41,1,东北,18.37,2022-11-04T08:00:00+08:00
92.42,17.49,4.49,24,0.22,1008.55,96.22,98.83,13,小雨,18.89,1,东北,18.47,2022-11-04T09:00:00+08:00
91.86,17.60,4.74,13,0.23,1008.98,146.28,98.83,13,小雨,18.96,1,东北,18.49,2022-11-04T10:00:00+08:00
90.28,17.76,2.97,19,0.00,1008.32,233.92,98.75,9,阴,19.43,1,东北,18.35,2022-11-04T12:00:00+08:00
85.45,18.50,3.38,25,0.00,1007.60,287.43,100.00,9,阴,20.11,1,东北,18.20,2022-11-04T13:00:00+08:00
81.58,18.81,3.51,325,0.00,1007.00,192.98,89.77,9,阴,20.33,1,西北,17.71,2022-11-04T14:00:00+08:00
81.25,18.60,3.10,46,0.00,1006.81,155.00,94.21,9,阴,20.12,1,东北,17.41,2022-11-04T15:00:00+08:00
82.09,18.38,4.03,32,0.00,1007.19,107.07,100.00,9,阴,19.70,1,东北,17.35,2022-11-04T16:00:00+08:00
81.84,18.05,5.08,17,0.00,1007.50,46.64,100.00,9,阴,19.08,1,东北,16.94,2022-11-04T17:00:00+08:00
81.34,17.67,6.31,4,0.00,1008.05,0.00,100.00,9,阴,18.35,2,北,16.44,2022-11-04T18:00:00+08:00
79.87,17.62,4.71,21,0.00,1008.59,0.00,100.00,9,阴,18.51,1,东北,16.09,2022-11-04T19:00:00+08:00
79.83,17.62,4.09,339,0.00,1009.30,0.00,100.00,9,阴,18.62,1,西北,16.09,2022-11-04T20:00:00+08:00
80.32,17.47,3.71,27,0.00,1009.94,0.00,100.00,9,阴,18.52,1,东北,16.03,2022-11-04T21:00:00+08:00
81.58,17.29,4.51,23,0.00,1010.18,0.00,100.00,9,阴,18.20,1,东北,16.10,2022-11-04T22:00:00+08:00
84.11,16.99,4.18,27,0.00,1010.38,0.00,100.00,9,阴,17.98,1,东北,16.29,2022-11-04T23:00:00+08:00
84.26,16.99,5.05,13,0.13,1010.31,0.00,100.00,13,小雨,17.83,1,东北,16.32,2022-11-05T00:00:00+08:00
87.80,16.66,4.21,22,0.67,1010.29,0.00,100.00,13,小雨,17.69,1,东北,16.65,2022-11-05T01:00:00+08:00
90.25,16.12,3.86,15,0.43,1010.02,0.00,100.00,13,小雨,17.15,1,东北,16.54,2022-11-05T02:00:00+08:00
90.05,15.88,3.93,27,0.11,1009.75,0.00,96.87,13,小雨,16.83,1,东北,16.25,2022-11-05T03:00:00+08:00
89.95,15.67,3.14,25,0.00,1009.66,0.00,100.00,9,阴,16.70,1,东北,16.01,2022-11-05T04:00:00+08:00
91.92,15.43,4.11,19,0.00,1009.98,0.00,97.88,9,阴,16.29,1,东北,16.11,2022-11-05T05:00:00+08:00
92.01,15.31,3.61,49,0.18,1010.38,0.00,100.00,13,小雨,16.23,1,东北,16.01,2022-11-05T06:00:00+08:00
92.00,15.21,4.01,353,0.18,1010.98,3.14,96.47,13,小雨,16.03,1,北,15.90,2022-11-05T07:00:00+08:00
89.50,15.35,2.96,49,0.00,1011.58,50.91,96.24,9,阴,16.31,1,东北,15.61,2022-11-05T08:00:00+08:00
84.59,16.11,4.31,28,0.00,1011.92,129.47,85.16,9,阴,16.85,1,东北,15.49,2022-11-05T09:00:00+08:00
81.11,16.59,2.29,38,0.00,1012.18,145.77,85.16,9,阴,17.69,1,东北,15.31,2022-11-05T10:00:00+08:00
77.69,17.31,1.30,34,0.00,1011.85,180.04,63.31,4,多云,18.65,1,东北,15.35,2022-11-05T11:00:00+08:00
75.31,17.74,2.17,342,0.00,1011.12,214.87,23.51,0,晴,18.94,1,西北,15.29,2022-11-05T12:00:00+08:00
74.98,18.22,3.18,18,0.00,1009.45,226.79,85.45,9,阴,19.35,1,东北,15.69,2022-11-05T14:00:00+08:00
74.14,18.70,4.29,11,0.00,1009.22,228.92,72.72,4,多云,19.73,1,北,15.99,2022-11-05T15:00:00+08:00
74.73,18.48,2.46,38,0.00,1009.40,84.50,28.09,0,晴,19.80,1,东北,15.90,2022-11-05T16:00:00+08:00
76.49,18.10,4.21,12,0.00,1009.53,64.14,85.35,9,阴,19.08,1,东北,15.89,2022-11-05T17:00:00+08:00
77.12,17.31,4.58,17,0.00,1009.77,0.00,100.00,9,阴,18.04,1,东北,15.24,2022-11-05T18:00:00+08:00
76.50,17.26,2.53,38,0.00,1010.27,0.00,100.00,9,阴,18.32,1,东北,15.07,2022-11-05T19:00:00+08:00
76.12,17.20,3.35,40,0.00,1010.60,0.00,100.00,9,阴,18.08,1,东北,14.94,2022-11-05T20:00:00+08:00
78.70,16.92,4.32,35,0.00,1011.18,0.00,100.00,9,阴,17.65,1,东北,15.17,2022-11-05T21:00:00+08:00
81.96,16.32,3.12,30,0.30,1011.48,0.00,100.00,13,小雨,17.23,1,东北,15.21,2022-11-05T22:00:00+08:00
83.51,15.94,1.50,56,0.21,1011.41,0.00,96.61,13,小雨,17.10,1,东北,15.13,2022-11-05T23:00:00+08:00
85.89,15.46,3.35,1,0.48,1011.16,0.00,96.61,13,小雨,16.25,1,北,15.09,2022-11-06T00:00:00+08:00
90.82,15.19,0.24,19,0.30,1010.47,0.00,100.00,13,小雨,16.64,0,东北,15.68,2022-11-06T01:00:00+08:00
88.29,15.31,0.82,298,0.13,1010.31,0.00,100.00,13,小雨,16.60,0,西北,15.36,2022-11-06T02:00:00+08:00
89.44,15.38,1.53,346,0.00,1009.84,0.00,100.00,9,阴,16.60,1,西北,15.63,2022-11-06T03:00:00+08:00
88.94,15.40,2.31,67,0.00,1009.43,0.00,98.88,9,阴,16.47,1,东北,15.56,2022-11-06T04:00:00+08:00
89.90,15.27,3.40,12,0.00,1009.52,0.00,98.64,9,阴,16.14,1,东北,15.60,2022-11-06T05:00:00+08:00
89.29,15.45,1.84,43,0.00,1010.03,0.00,98.40,9,阴,16.63,1,东北,15.67,2022-11-06T06:00:00+08:00
87.82,15.57,1.81,43,0.00,1010.76,4.23,100.00,9,阴,16.74,1,东北,15.53,2022-11-06T07:00:00+08:00
87.17,16.06,1.61,296,0.00,1011.18,72.40,100.00,9,阴,17.37,1,西北,15.91,2022-11-06T08:00:00+08:00
85.19,16.97,1.67,54,0.00,1011.64,180.42,100.00,9,阴,18.45,1,东北,16.48,2022-11-06T09:00:00+08:00
83.50,17.89,0.57,50,0.00,1011.89,193.17,100.00,9,阴,19.75,0,东北,17.11,2022-11-06T10:00:00+08:00
80.67,18.42,0.57,10,0.00,1011.50,229.71,100.00,9,阴,20.32,0,北,17.09,2022-11-06T11:00:00+08:00
76.71,20.17,0.64,85,0.00,1009.75,287.73,100.00,9,阴,22.38,0,东,18.13,2022-11-06T13:00:00+08:00
76.29,20.22,0.50,55,0.00,1008.68,325.67,100.00,9,阴,22.45,0,东北,18.08,2022-11-06T14:00:00+08:00
74.25,20.26,1.98,38,0.00,1007.93,213.35,100.00,9,阴,22.14,1,东北,17.64,2022-11-06T15:00:00+08:00
75.38,20.20,0.96,49,0.00,1007.67,152.97,100.00,9,阴,22.30,0,东北,17.84,2022-11-06T16:00:00+08:00
75.68,20.43,4.62,27,0.00,1007.33,62.73,100.00,9,阴,21.95,1,东北,18.17,2022-11-06T17:00:00+08:00
76.48,19.96,4.06,30,0.00,1007.56,0.00,100.00,9,阴,21.48,1,东北,17.84,2022-11-06T18:00:00+08:00
77.46,19.67,2.64,67,0.00,1007.95,0.00,100.00,9,阴,21.41,1,东北,17.74,2022-11-06T19:00:00+08:00
78.11,18.46,1.44,120,0.00,1008.60,0.00,100.00,9,阴,20.10,1,东南,16.59,2022-11-06T20:00:00+08:00
79.72,18.12,1.61,71,0.00,1009.08,0.00,100.00,9,阴,19.70,1,东北,16.58,2022-11-06T21:00:00+08:00
81.91,17.56,2.55,54,0.00,1008.62,0.00,100.00,9,阴,18.91,1,东北,16.44,2022-11-06T23:00:00+08:00
83.10,17.54,1.64,19,0.00,1008.41,0.00,100.00,9,阴,19.09,1,东北,16.66,2022-11-07T00:00:00+08:00
82.76,17.44,1.50,290,0.00,1008.53,0.00,100.00,9,阴,18.98,1,西北,16.49,2022-11-07T01:00:00+08:00
83.43,17.42,2.04,53,0.00,1008.02,0.00,100.00,9,阴,18.88,1,东北,16.60,2022-11-07T02:00:00+08:00
84.52,17.34,1.17,11,0.00,1007.65,0.00,100.00,9,阴,18.98,1,北,16.73,2022-11-07T03:00:00+08:00
85.21,17.42,0.91,8,0.00,1007.87,0.00,100.00,9,阴,19.16,0,北,16.96,2022-11-07T04:00:00+08:00
88.28,17.29,2.06,22,0.47,1007.76,0.00,100.00,13,小雨,18.91,1,东北,17.42,2022-11-07T05:00:00+08:00
89.80,16.66,0.94,116,1.06,1007.88,0.00,100.00,13,小雨,18.36,0,东南,17.03,2022-11-07T06:00:00+08:00
89.69,16.66,1.50,6,0.00,1008.41,17.01,100.00,9,阴,18.25,1,北,17.01,2022-11-07T07:00:00+08:00
89.51,17.22,1.16,52,0.00,1009.21,94.26,100.00,9,阴,19.03,1,东北,17.59,2022-11-07T08:00:00+08:00
85.28,18.67,1.27,65,0.11,1010.26,296.83,93.31,13,小雨,20.71,1,东北,18.36,2022-11-07T10:00:00+08:00
81.44,20.10,1.14,301,0.00,1010.99,299.06,100.00,9,阴,22.42,1,西北,19.16,2022-11-07T11:00:00+08:00
78.44,20.19,1.85,295,0.22,1009.10,306.91,100.00,13,小雨,22.27,1,西北,18.56,2022-11-07T12:00:00+08:00
77.51,21.74,2.98,55,0.00,1007.13,354.44,100.00,9,阴,24.05,1,东北,20.17,2022-11-07T14:00:00+08:00
76.33,21.66,2.22,71,0.00,1006.65,209.13,100.00,9,阴,24.02,1,东北,19.77,2022-11-07T15:00:00+08:00
75.87,21.87,1.81,76,0.00,1006.53,162.94,6.73,0,晴,24.35,1,东北,19.90,2022-11-07T16:00:00+08:00
74.72,21.10,3.07,66,0.00,1006.51,59.99,100.00,9,阴,23.05,1,东北,18.70,2022-11-07T17:00:00+08:00
76.80,20.23,2.40,39,0.00,1006.60,0.00,6.83,0,晴,22.14,1,东北,18.21,2022-11-07T18:00:00+08:00
80.23,19.81,1.30,2,0.00,1006.84,0.00,6.83,0,晴,21.96,1,北,18.54,2022-11-07T19:00:00+08:00
79.91,19.55,1.67,12,0.00,1007.45,0.00,68.86,4,多云,21.54,1,东北,18.17,2022-11-07T20:00:00+08:00
81.47,19.42,1.17,31,0.00,1008.07,0.00,80.96,9,阴,21.54,1,东北,18.38,2022-11-07T21:00:00+08:00
83.20,19.27,0.85,27,0.00,1008.47,0.00,100.00,9,阴,21.47,0,东北,18.59,2022-11-07T22:00:00+08:00
83.77,19.18,1.60,46,0.00,1008.44,0.00,100.00,9,阴,21.25,1,东北,18.61,2022-11-07T23:00:00+08:00
84.15,19.16,1.26,53,0.00,1008.59,0.00,100.00,9,阴,21.30,1,东北,18.68,2022-11-08T00:00:00+08:00
85.38,19.02,2.28,25,0.00,1008.53,0.00,25.47,0,晴,20.99,1,东北,18.78,2022-11-08T01:00:00+08:00
85.15,19.06,2.69,54,0.00,1008.26,0.00,94.03,9,阴,20.95,1,东北,18.78,2022-11-08T02:00:00+08:00
84.06,19.09,1.82,92,0.00,1007.77,0.00,97.62,9,阴,21.10,1,东,18.57,2022-11-08T04:00:00+08:00
83.66,18.93,1.01,96,0.00,1007.89,0.00,91.86,9,阴,21.02,1,东,18.30,2022-11-08T05:00:00+08:00
85.13,18.75,2.56,359,0.00,1008.85,6.29,91.93,9,阴,20.58,1,北,18.42,2022-11-08T07:00:00+08:00
84.89,19.40,2.33,16,0.00,1009.35,97.86,63.50,4,多云,21.45,1,东北,19.12,2022-11-08T08:00:00+08:00
83.32,19.98,2.37,58,0.00,1009.65,161.21,65.12,4,多云,22.13,1,东北,19.46,2022-11-08T09:00:00+08:00
80.39,21.52,2.55,335,0.00,1010.12,239.30,65.12,4,多云,23.98,1,西北,20.64,2022-11-08T10:00:00+08:00
77.36,22.47,3.18,53,0.00,1009.96,274.09,96.47,9,阴,24.97,1,东北,21.05,2022-11-08T11:00:00+08:00
75.86,23.40,3.55,20,0.00,1009.21,385.31,100.00,9,阴,26.05,1,东北,21.83,2022-11-08T12:00:00+08:00
77.32,23.43,0.82,26,0.00,1008.39,317.74,100.00,9,阴,26.67,0,东北,22.29,2022-11-08T13:00:00+08:00
79.56,23.35,1.97,312,0.00,1007.60,320.67,90.56,9,阴,26.48,1,西北,22.83,2022-11-08T14:00:00+08:00
77.30,22.45,2.46,267,0.00,1007.11,160.58,97.99,9,阴,25.07,1,西,21.00,2022-11-08T15:00:00+08:00
75.61,22.55,1.93,255,0.00,1006.73,138.54,100.00,9,阴,25.20,1,西南,20.67,2022-11-08T16:00:00+08:00
81.51,21.96,0.78,187,0.00,1006.88,60.61,100.00,9,阴,24.94,0,南,21.50,2022-11-08T17:00:00+08:00
88.28,20.76,1.58,183,0.00,1007.27,0.00,100.00,9,阴,23.54,1,南,21.63,2022-11-08T19:00:00+08:00
90.60,20.53,0.66,207,0.00,1007.94,0.00,100.00,9,阴,23.52,0,西南,21.89,2022-11-08T20:00:00+08:00
90.71,20.26,0.90,234,0.00,1008.12,0.00,100.00,9,阴,23.12,0,西南,21.55,2022-11-08T21:00:00+08:00
91.24,20.08,0.91,250,0.00,1008.41,0.00,100.00,9,阴,22.90,0,西南,21.44,2022-11-08T22:00:00+08:00
91.31,19.98,1.04,277,0.00,1008.66,0.00,100.00,9,阴,22.74,1,西,21.32,2022-11-08T23:00:00+08:00
91.95,20.02,1.22,284,0.18,1008.52,0.00,100.00,13,小雨,22.79,1,西北,21.53,2022-11-09T00:00:00+08:00
92.24,19.93,0.68,292,0.37,1008.23,0.00,100.00,13,小雨,22.79,0,西北,21.47,2022-11-09T01:00:00+08:00
92.64,19.80,1.12,22,0.24,1008.09,0.00,100.00,13,小雨,22.55,1,东北,21.39,2022-11-09T02:00:00+08:00
92.09,19.73,1.67,18,0.00,1007.70,0.00,100.00,9,阴,22.34,1,东北,21.17,2022-11-09T03:00:00+08:00
91.77,19.69,1.76,56,0.00,1007.67,0.00,52.64,4,多云,22.25,1,东北,21.05,2022-11-09T04:00:00+08:00
92.63,19.48,1.45,29,0.00,1007.51,0.00,87.05,9,阴,22.07,1,东北,20.97,2022-11-09T05:00:00+08:00
93.09,19.33,1.71,11,0.00,1007.82,0.00,37.52,0,晴,21.84,1,北,20.88,2022-11-09T06:00:00+08:00
93.15,19.37,0.71,111,0.00,1008.22,15.05,37.52,0,晴,22.07,0,东南,20.94,2022-11-09T07:00:00+08:00
91.76,20.16,0.93,124,0.00,1008.62,153.75,98.33,9,阴,23.02,0,东南,21.67,2022-11-09T08:00:00+08:00
86.86,22.44,2.27,347,0.00,1009.21,370.01,39.94,0,晴,25.61,1,西北,23.59,2022-11-09T09:00:00+08:00
81.13,24.30,1.69,52,0.00,1009.50,560.27,39.94,0,晴,27.91,1,东北,24.65,2022-11-09T10:00:00+08:00
74.18,25.68,3.20,356,0.00,1008.91,695.89,35.54,0,晴,29.08,1,北,24.47,2022-11-09T11:00:00+08:00
70.27,24.12,1.34,326,0.00,1008.25,606.22,35.54,0,晴,27.08,1,西北,21.12,2022-11-09T12:00:00+08:00
70.50,24.50,1.83,289,0.00,1007.38,304.00,100.00,9,阴,27.51,1,西北,21.67,2022-11-09T13:00:00+08:00
72.46,26.29,1.43,261,0.00,1006.60,218.69,80.55,9,阴,30.11,1,西,24.78,2022-11-09T14:00:00+08:00
71.25,26.14,1.58,315,0.00,1005.99,347.86,81.19,9,阴,29.80,1,西北,24.15,2022-11-09T15:00:00+08:00
69.82,25.02,0.54,237,0.00,1005.71,240.42,0.00,0,晴,28.39,0,西南,22.14,2022-11-09T16:00:00+08:00
66.69,25.08,1.34,34,0.00,1005.83,47.30,0.00,0,晴,28.13,1,东北,21.23,2022-11-09T17:00:00+08:00
74.18,22.74,1.58,75,0.00,1006.12,0.00,0.00,0,晴,25.44,1,东北,20.51,2022-11-09T18:00:00+08:00
80.03,21.87,0.82,278,0.00,1006.52,0.00,0.00,0,晴,24.74,0,西,20.99,2022-11-09T19:00:00+08:00
83.26,21.68,1.18,115,0.00,1007.07,0.00,4.95,0,晴,24.59,1,东南,21.59,2022-11-09T20:00:00+08:00
83.74,21.97,0.38,277,0.00,1007.39,0.00,100.00,9,阴,25.14,0,西,22.10,2022-11-09T21:00:00+08:00
84.13,22.34,0.17,336,0.00,1007.48,0.00,100.00,9,阴,25.70,0,西北,22.71,2022-11-09T22:00:00+08:00
83.67,21.96,0.85,345,0.00,1007.52,0.00,100.00,9,阴,25.04,0,西北,22.07,2022-11-09T23:00:00+08:00
85.58,21.21,1.36,344,0.00,1007.56,0.00,100.00,9,阴,24.05,1,西北,21.56,2022-11-10T00:00:00+08:00
89.17,20.41,1.60,17,0.00,1007.26,0.00,0.00,0,晴,23.12,1,东北,21.38,2022-11-10T01:00:00+08:00
91.29,20.14,1.21,27,0.00,1006.85,0.00,100.00,9,阴,22.92,1,东北,21.53,2022-11-10T02:00:00+08:00
92.13,20.47,1.47,341,0.00,1006.73,0.00,100.00,9,阴,23.36,1,西北,22.18,2022-11-10T03:00:00+08:00
93.09,20.03,0.84,52,0.00,1006.66,0.00,58.85,4,多云,22.93,0,东北,21.81,2022-11-10T04:00:00+08:00
93.71,19.75,2.30,331,0.00,1006.91,0.00,2.36,0,晴,22.32,1,西北,21.57,2022-11-10T05:00:00+08:00
93.37,19.65,0.43,283,0.00,1007.30,0.00,0.69,0,晴,22.51,0,西北,21.36,2022-11-10T06:00:00+08:00
93.40,19.65,0.30,105,0.00,1008.09,14.48,0.69,0,晴,22.54,0,东南,21.37,2022-11-10T07:00:00+08:00
91.90,22.05,1.05,254,0.00,1008.78,146.37,100.00,9,阴,25.57,1,西南,24.37,2022-11-10T08:00:00+08:00
88.49,24.17,0.77,273,0.00,1009.26,368.20,100.00,9,阴,28.34,0,西,26.67,2022-11-10T09:00:00+08:00
74.13,26.25,1.73,242,0.00,1008.83,441.73,100.00,9,阴,30.12,1,西南,25.29,2022-11-10T11:00:00+08:00
69.67,26.40,2.50,238,0.00,1008.90,496.01,100.00,9,阴,29.88,1,西南,23.98,2022-11-10T12:00:00+08:00
68.63,26.18,2.51,211,0.00,1006.65,350.85,100.00,9,阴,29.51,1,西南,23.31,2022-11-10T13:00:00+08:00
66.88,28.02,3.88,204,0.00,1005.44,305.14,0.00,0,晴,31.62,1,西南,25.31,2022-11-10T14:00:00+08:00
64.05,28.11,3.66,188,0.00,1004.87,406.67,0.00,0,晴,31.57,1,南,24.36,2022-11-10T15:00:00+08:00
63.70,27.12,2.48,165,0.00,1004.72,246.59,0.00,0,晴,30.43,1,东南,22.87,2022-11-10T16:00:00+08:00
73.20,24.24,0.91,233,0.00,1004.72,0.00,0.00,0,晴,27.49,0,西南,22.16,2022-11-10T18:00:00+08:00
81.04,23.22,1.65,198,0.00,1005.02,0.00,0.00,0,晴,26.45,1,西南,23.07,2022-11-10T19:00:00+08:00
88.48,22.11,1.51,179,0.00,1006.87,0.00,0.00,0,晴,25.38,1,南,23.55,2022-11-10T21:00:00+08:00
87.03,21.76,0.98,104,0.00,1005.98,0.00,0.00,0,晴,24.93,0,东南,22.67,2022-11-10T22:00:00+08:00
86.10,21.31,1.44,123,0.00,1005.74,0.00,0.00,0,晴,24.19,1,东南,21.82,2022-11-10T23:00:00+08:00
88.15,20.87,0.76,79,0.00,1006.31,0.00,0.00,0,晴,23.83,0,东,21.75,2022-11-11T00:00:00+08:00
91.59,20.41,1.27,76,0.00,1005.60,0.00,0.00,0,晴,23.29,1,东北,21.96,2022-11-11T01:00:00+08:00
93.65,20.03,2.23,346,0.00,1005.58,0.00,0.00,0,晴,22.71,1,西北,21.94,2022-11-11T02:00:00+08:00
93.47,20.17,0.48,30,0.00,1005.76,0.00,0.00,0,晴,23.20,0,东北,22.09,2022-11-11T03:00:00+08:00
93.47,20.14,0.33,136,0.00,1005.82,0.00,0.00,0,晴,23.19,0,东南,22.04,2022-11-11T04:00:00+08:00
94.77,20.26,0.85,180,0.00,1006.20,0.00,0.00,0,晴,23.31,0,南,22.52,2022-11-11T05:00:00+08:00
95.36,20.11,0.83,184,0.00,1007.79,0.00,1.97,0,晴,23.15,0,南,22.45,2022-11-11T06:00:00+08:00
95.77,20.62,0.75,250,0.00,1007.82,2.57,100.00,9,阴,23.87,0,西南,23.27,2022-11-11T07:00:00+08:00
95.09,21.75,1.36,284,0.00,1008.24,141.15,100.00,9,阴,25.26,1,西北,24.76,2022-11-11T08:00:00+08:00
90.65,24.21,1.18,255,0.00,1008.80,347.70,100.00,9,阴,28.45,1,西南,27.39,2022-11-11T09:00:00+08:00
81.30,26.01,1.88,237,0.00,1009.27,477.43,100.00,9,阴,30.24,1,西南,27.34,2022-11-11T10:00:00+08:00
71.99,27.39,2.17,241,0.00,1008.73,574.74,100.00,9,阴,31.45,1,西南,26.26,2022-11-11T11:00:00+08:00
66.59,29.23,3.01,280,0.00,1007.85,558.76,2.47,0,晴,33.42,1,西,27.03,2022-11-11T12:00:00+08:00
61.08,30.32,3.26,222,0.00,1005.57,499.91,0.00,0,晴,34.41,1,西南,26.39,2022-11-11T14:00:00+08:00
57.95,29.82,2.68,217,0.00,1005.52,395.26,0.00,0,晴,33.58,1,西南,24.33,2022-11-11T15:00:00+08:00
54.22,28.34,3.90,211,0.00,1004.58,230.90,0.00,0,晴,31.09,1,西南,20.90,2022-11-11T16:00:00+08:00
57.75,27.06,2.45,259,0.00,1004.47,53.97,0.00,0,晴,29.93,1,西,20.66,2022-11-11T17:00:00+08:00
68.22,24.56,0.22,3,0.00,1004.60,0.00,0.00,0,晴,27.74,0,北,21.05,2022-11-11T18:00:00+08:00
75.72,23.25,0.44,167,0.00,1004.64,0.00,0.00,0,晴,26.41,0,东南,21.60,2022-11-11T19:00:00+08:00
86.67,22.32,0.61,54,0.00,1005.66,0.00,0.00,0,晴,25.73,0,东北,23.36,2022-11-11T20:00:00+08:00
86.03,22.55,0.52,110,0.00,1005.04,0.00,0.00,0,晴,26.03,0,东南,23.52,2022-11-11T21:00:00+08:00
84.07,22.24,0.87,86,0.00,1005.10,0.00,0.00,0,晴,25.44,0,东,22.55,2022-11-11T22:00:00+08:00
83.85,21.98,1.30,35,0.00,1005.45,0.00,0.00,0,晴,25.00,1,东北,22.14,2022-11-11T23:00:00+08:00
86.68,21.57,1.35,34,0.00,1005.46,0.00,0.00,0,晴,24.59,1,东北,22.32,2022-11-12T00:00:00+08:00
90.16,20.77,0.87,118,0.00,1004.87,0.00,0.00,0,晴,23.78,0,东南,22.11,2022-11-12T01:00:00+08:00
93.62,20.33,0.76,354,0.00,1004.84,0.00,0.00,0,晴,23.37,0,北,22.34,2022-11-12T02:00:00+08:00
93.15,20.26,0.25,277,0.00,1004.68,0.00,0.00,0,晴,23.35,0,西,22.13,2022-11-12T03:00:00+08:00
92.52,20.15,0.43,110,0.00,1004.64,0.00,0.00,0,晴,23.14,0,东南,21.83,2022-11-12T04:00:00+08:00
93.57,19.77,1.49,195,0.00,1004.65,0.00,0.00,0,晴,22.49,1,西南,21.57,2022-11-12T05:00:00+08:00
93.87,19.59,1.82,176,0.00,1005.13,0.00,0.00,0,晴,22.20,1,南,21.40,2022-11-12T06:00:00+08:00
94.20,20.02,1.64,150,0.00,1005.98,20.59,0.00,0,晴,22.82,1,东南,22.05,2022-11-12T07:00:00+08:00
94.46,21.34,1.16,145,0.00,1006.80,104.78,0.00,0,晴,24.71,1,东南,23.99,2022-11-12T08:00:00+08:00
92.24,22.99,1.31,176,0.00,1007.47,228.17,3.03,0,晴,26.83,1,南,25.90,2022-11-12T09:00:00+08:00
80.86,25.45,2.20,273,0.00,1007.60,451.62,9.49,0,晴,29.38,1,西,26.31,2022-11-12T11:00:00+08:00
74.22,27.73,1.80,169,0.00,1006.54,618.40,0.00,0,晴,32.15,1,南,27.61,2022-11-12T12:00:00+08:00
68.27,28.65,2.35,264,0.00,1005.38,616.74,0.00,0,晴,32.88,1,西,26.80,2022-11-12T13:00:00+08:00
65.19,28.85,0.80,222,0.00,1004.18,581.81,0.00,0,晴,33.19,0,西南,25.89,2022-11-12T14:00:00+08:00
62.21,29.20,3.00,276,0.00,1003.47,475.46,0.00,0,晴,33.03,1,西,25.21,2022-11-12T15:00:00+08:00
60.86,28.11,2.64,237,0.00,1002.81,264.61,0.00,0,晴,31.52,1,西南,23.15,2022-11-12T16:00:00+08:00
65.61,26.93,2.61,229,0.00,1002.86,60.99,0.00,0,晴,30.29,1,西南,23.29,2022-11-12T17:00:00+08:00
72.79,24.00,0.62,162,0.00,1002.90,0.00,0.00,0,晴,27.20,0,东南,21.72,2022-11-12T18:00:00+08:00
81.28,23.09,0.62,148,0.00,1003.39,0.00,0.00,0,晴,26.47,0,东南,22.96,2022-11-12T19:00:00+08:00
86.71,22.47,1.85,152,0.00,1004.09,0.00,0.00,0,晴,25.72,1,东南,23.59,2022-11-12T20:00:00+08:00
88.61,21.71,1.25,151,0.00,1005.65,0.00,0.00,0,晴,24.89,1,东南,23.02,2022-11-12T22:00:00+08:00
92.13,20.30,1.78,53,0.00,1005.75,0.00,0.00,0,晴,23.08,1,东北,21.94,2022-11-13T01:00:00+08:00
93.90,19.82,2.37,78,0.00,1005.56,0.00,0.00,0,晴,22.41,1,东北,21.71,2022-11-13T02:00:00+08:00
93.55,19.75,1.38,20,0.00,1005.20,0.00,0.00,0,晴,22.48,1,东北,21.54,2022-11-13T03:00:00+08:00
93.51,19.90,1.19,357,0.00,1005.32,0.00,0.00,0,晴,22.71,1,北,21.73,2022-11-13T04:00:00+08:00
93.02,19.95,1.15,32,0.00,1005.32,0.00,0.00,0,晴,22.76,1,东北,21.68,2022-11-13T05:00:00+08:00
92.36,20.04,0.86,19,0.00,1005.68,0.00,0.00,0,晴,22.91,0,东北,21.65,2022-11-13T06:00:00+08:00
92.43,19.81,0.63,15,0.00,1006.52,17.24,0.00,0,晴,22.65,0,东北,21.36,2022-11-13T07:00:00+08:00
90.54,22.19,1.15,355,0.00,1007.06,153.22,0.00,0,晴,25.67,1,北,24.22,2022-11-13T08:00:00+08:00
85.45,24.21,0.83,355,0.00,1007.56,353.10,0.00,0,晴,28.20,0,北,25.82,2022-11-13T09:00:00+08:00
70.16,28.68,0.86,118,0.00,1007.50,680.81,0.00,0,晴,33.33,0,东南,27.59,2022-11-13T11:00:00+08:00
62.84,30.98,1.57,308,0.00,1006.58,736.56,0.00,0,晴,35.78,1,西北,28.20,2022-11-13T12:00:00+08:00
53.14,30.61,2.29,81,0.00,1005.29,713.21,0.00,0,晴,34.29,1,东,23.35,2022-11-13T13:00:00+08:00
49.58,29.73,1.35,311,0.00,1004.72,492.43,0.00,0,晴,32.99,1,西北,20.71,2022-11-13T14:00:00+08:00
51.06,30.09,2.52,103,0.00,1004.11,371.86,0.00,0,晴,33.38,1,东南,21.78,2022-11-13T15:00:00+08:00
52.31,30.50,3.29,333,0.00,1005.58,212.64,0.00,0,晴,33.90,1,西北,22.84,2022-11-13T16:00:00+08:00
56.45,27.76,2.83,2,0.00,1004.56,42.40,0.00,0,晴,30.68,1,北,21.04,2022-11-13T17:00:00+08:00
60.30,25.80,3.31,349,0.00,1004.00,0.00,0.00,0,晴,28.30,1,北,20.03,2022-11-13T18:00:00+08:00
68.24,25.16,1.48,31,0.00,1004.55,0.00,0.00,0,晴,28.31,1,东北,21.82,2022-11-13T19:00:00+08:00
71.73,24.68,0.55,335,0.00,1005.27,0.00,0.00,0,晴,28.06,0,西北,22.29,2022-11-13T20:00:00+08:00
74.69,24.67,0.74,64,0.00,1005.72,0.00,0.00,0,晴,28.19,0,东北,23.20,2022-11-13T21:00:00+08:00
77.84,24.09,0.95,14,0.00,1005.94,0.00,0.00,0,晴,27.56,0,东北,23.35,2022-11-13T22:00:00+08:00
77.95,24.03,0.72,354,0.00,1006.16,0.00,0.00,0,晴,27.53,0,北,23.30,2022-11-13T23:00:00+08:00
80.81,23.48,1.44,349,0.00,1006.07,0.00,0.00,0,晴,26.82,1,北,23.37,2022-11-14T00:00:00+08:00
81.66,23.63,2.08,22,0.00,1006.16,0.00,0.00,0,晴,26.96,1,东北,23.83,2022-11-14T01:00:00+08:00
84.04,23.23,1.17,354,0.00,1006.13,0.00,0.00,0,晴,26.72,1,北,23.94,2022-11-14T02:00:00+08:00
80.68,22.70,4.25,358,0.00,1006.08,0.00,100.00,9,阴,25.26,1,北,22.26,2022-11-14T04:00:00+08:00
70.97,22.13,4.11,23,0.00,1006.18,0.00,100.00,9,阴,24.01,1,东北,18.91,2022-11-14T05:00:00+08:00
70.26,21.75,3.78,33,0.00,1006.90,0.00,100.00,9,阴,23.54,1,东北,18.29,2022-11-14T06:00:00+08:00
67.00,21.46,2.13,27,0.00,1007.52,14.22,53.40,4,多云,23.30,1,东北,17.14,2022-11-14T07:00:00+08:00
64.89,21.76,1.63,38,0.00,1008.44,64.29,100.00,9,阴,23.66,1,东北,16.91,2022-11-14T08:00:00+08:00
64.53,23.01,2.38,349,0.00,1009.16,252.20,100.00,9,阴,25.11,1,北,18.14,2022-11-14T09:00:00+08:00
64.28,23.56,2.89,13,0.00,1009.74,379.71,100.00,9,阴,25.71,1,东北,18.68,2022-11-14T10:00:00+08:00
62.55,25.38,3.88,17,0.00,1008.80,558.29,100.00,9,阴,27.80,1,东北,20.27,2022-11-14T11:00:00+08:00
62.36,27.01,5.89,22,0.00,1008.04,550.85,100.00,9,阴,29.57,1,东北,22.24,2022-11-14T12:00:00+08:00
60.80,28.70,4.64,341,0.00,1006.83,678.66,100.00,9,阴,31.94,1,西北,23.93,2022-11-14T13:00:00+08:00
60.99,25.98,5.34,353,0.00,1005.84,214.20,0.00,0,晴,28.22,1,北,20.48,2022-11-14T14:00:00+08:00
61.30,24.87,4.02,16,0.00,1005.25,91.41,100.00,9,阴,27.03,1,东北,19.27,2022-11-14T15:00:00+08:00
63.87,24.25,2.71,24,0.00,1005.11,135.13,35.68,0,晴,26.62,1,东北,19.34,2022-11-14T16:00:00+08:00
67.52,22.69,2.35,22,0.00,1005.25,0.00,100.00,9,阴,24.87,1,东北,18.62,2022-11-14T18:00:00+08:00
68.04,22.16,2.14,31,0.00,1005.77,0.00,100.00,9,阴,24.25,1,东北,18.16,2022-11-14T19:00:00+08:00
68.61,21.96,2.41,6,0.00,1006.15,0.00,100.00,9,阴,23.97,1,北,18.09,2022-11-14T20:00:00+08:00
68.00,21.87,2.85,14,0.00,1006.45,0.00,100.00,9,阴,23.75,1,东北,17.84,2022-11-14T21:00:00+08:00
68.89,21.67,2.65,15,0.00,1007.41,0.00,100.00,9,阴,23.57,1,东北,17.85,2022-11-14T22:00:00+08:00
69.79,21.50,2.54,19,0.00,1005.95,0.00,100.00,9,阴,23.41,1,东北,17.90,2022-11-14T23:00:00+08:00
69.41,21.36,0.79,9,0.00,1005.91,0.00,100.00,9,阴,23.53,0,北,17.65,2022-11-15T00:00:00+08:00
69.43,21.17,2.70,10,0.00,1005.47,0.00,100.00,9,阴,22.94,1,北,17.45,2022-11-15T01:00:00+08:00
68.70,20.98,2.76,23,0.00,1005.56,0.00,100.00,9,阴,22.65,1,东北,17.06,2022-11-15T02:00:00+08:00
69.97,20.98,2.36,351,0.00,1005.70,0.00,100.00,9,阴,22.79,1,北,17.38,2022-11-15T03:00:00+08:00
73.98,20.32,2.68,48,0.00,1006.64,0.00,100.00,9,阴,22.08,1,东北,17.64,2022-11-15T05:00:00+08:00
71.29,20.56,2.91,38,0.00,1006.33,0.00,86.62,9,阴,22.21,1,东北,17.26,2022-11-15T06:00:00+08:00
69.64,20.68,1.38,0,0.00,1006.84,14.21,86.62,9,阴,22.57,1,北,16.98,2022-11-15T07:00:00+08:00
71.44,20.89,2.43,342,0.00,1007.31,50.40,100.00,9,阴,22.73,1,西北,17.65,2022-11-15T08:00:00+08:00
69.69,21.48,1.92,304,0.00,1007.89,117.09,89.88,9,阴,23.50,1,西北,17.85,2022-11-15T09:00:00+08:00
67.91,22.40,1.83,7,0.00,1007.78,397.32,100.00,9,阴,24.61,1,北,18.40,2022-11-15T10:00:00+08:00
64.16,26.16,2.02,9,0.00,1006.85,437.54,38.13,0,晴,29.27,1,北,21.77,2022-11-15T11:00:00+08:00
61.68,26.62,3.27,356,0.00,1004.98,561.37,38.13,0,晴,29.48,1,北,21.50,2022-11-15T13:00:00+08:00
61.84,26.20,2.08,37,0.00,1004.07,444.67,11.52,0,晴,29.15,1,东北,21.03,2022-11-15T14:00:00+08:00
62.67,26.75,2.65,343,0.00,1003.63,265.92,100.00,9,阴,29.83,1,西北,22.02,2022-11-15T15:00:00+08:00
64.39,24.65,1.81,336,0.00,1003.59,134.62,91.93,9,阴,27.33,1,西北,19.97,2022-11-15T16:00:00+08:00
67.04,22.43,1.43,0,0.00,1004.27,0.00,100.00,9,阴,24.67,1,北,18.19,2022-11-15T18:00:00+08:00
68.18,21.86,2.25,353,0.00,1004.64,0.00,100.00,9,阴,23.85,1,北,17.87,2022-11-15T19:00:00+08:00
70.68,20.87,2.96,39,0.00,1005.38,0.00,100.00,9,阴,22.58,1,东北,17.44,2022-11-15T21:00:00+08:00
73.79,20.09,3.33,58,0.00,1005.25,0.00,100.00,9,阴,21.65,1,东北,17.35,2022-11-16T00:00:00+08:00
74.73,19.91,2.72,51,0.00,1005.01,0.00,100.00,9,阴,21.58,1,东北,17.38,2022-11-16T01:00:00+08:00
76.16,19.49,1.63,360,0.00,1004.62,0.00,100.00,9,阴,21.30,1,北,17.25,2022-11-16T02:00:00+08:00
77.41,19.10,2.97,35,0.00,1004.03,0.00,100.00,9,阴,20.61,1,东北,17.12,2022-11-16T03:00:00+08:00
78.53,19.00,2.25,16,0.00,1003.85,0.00,100.00,9,阴,20.66,1,东北,17.26,2022-11-16T04:00:00+08:00
78.52,18.90,2.83,18,0.00,1004.03,0.00,100.00,9,阴,20.43,1,东北,17.15,2022-11-16T05:00:00+08:00
78.39,18.84,2.28,30,0.00,1004.60,0.00,81.75,9,阴,20.45,1,东北,17.05,2022-11-16T06:00:00+08:00
79.30,18.91,10.56,24,0.00,1005.38,8.83,81.75,9,阴,19.09,2,东北,17.33,2022-11-16T07:00:00+08:00
78.08,19.31,2.20,6,0.00,1006.10,52.71,100.00,9,阴,21.05,1,北,17.49,2022-11-16T08:00:00+08:00
77.32,20.66,2.90,33,0.00,1007.00,139.30,100.00,9,阴,22.64,1,东北,18.83,2022-11-16T09:00:00+08:00
76.52,21.47,2.45,16,0.00,1007.22,255.04,100.00,9,阴,23.74,1,东北,19.59,2022-11-16T10:00:00+08:00
74.43,22.54,1.86,22,0.00,1006.82,283.69,100.00,9,阴,25.14,1,东北,20.33,2022-11-16T11:00:00+08:00
71.57,22.83,1.38,45,0.00,1005.85,473.85,69.18,4,多云,25.45,1,东北,19.90,2022-11-16T12:00:00+08:00
69.52,25.73,1.04,74,0.00,1004.64,512.03,91.51,9,阴,29.23,1,东北,23.00,2022-11-16T13:00:00+08:00
67.02,26.31,1.58,341,0.00,1003.63,353.18,94.65,9,阴,29.74,1,西北,22.94,2022-11-16T14:00:00+08:00
68.66,25.22,0.94,311,0.00,1003.18,210.77,57.04,4,多云,28.51,0,西北,22.04,2022-11-16T15:00:00+08:00
71.23,23.36,3.66,23,0.00,1003.22,131.18,82.43,9,阴,25.71,1,东北,20.45,2022-11-16T16:00:00+08:00
76.18,22.20,4.23,7,0.00,1003.94,0.00,85.93,9,阴,24.35,1,北,20.39,2022-11-16T18:00:00+08:00
77.70,21.87,2.67,14,0.00,1004.45,0.00,85.93,9,阴,24.28,1,东北,20.38,2022-11-16T19:00:00+08:00
79.24,21.95,2.27,360,0.00,1004.45,0.00,31.81,0,晴,24.54,1,北,20.89,2022-11-16T20:00:00+08:00
81.23,21.55,2.01,19,0.00,1004.69,0.00,70.87,4,多云,24.16,1,东北,20.89,2022-11-16T21:00:00+08:00
83.56,21.84,2.00,25,0.00,1004.98,0.00,94.89,9,阴,24.67,1,东北,21.88,2022-11-16T23:00:00+08:00
83.48,21.79,1.17,13,0.00,1004.68,0.00,94.89,9,阴,24.75,1,东北,21.79,2022-11-17T00:00:00+08:00
83.85,21.73,1.19,5,0.00,1004.73,0.00,71.71,4,多云,24.69,1,北,21.81,2022-11-17T01:00:00+08:00
84.22,21.75,0.70,76,0.00,1004.45,0.00,64.36,4,多云,24.82,0,东北,21.93,2022-11-17T02:00:00+08:00
84.08,21.61,1.71,59,0.00,1003.97,0.00,47.41,4,多云,24.45,1,东北,21.71,2022-11-17T03:00:00+08:00
85.42,21.34,1.29,111,0.00,1003.93,0.00,66.37,4,多云,24.23,1,东南,21.69,2022-11-17T04:00:00+08:00
86.32,21.35,0.85,48,0.00,1003.87,0.00,72.00,4,多云,24.36,0,东北,21.93,2022-11-17T05:00:00+08:00
84.87,21.33,1.11,7,0.00,1004.26,0.00,77.58,4,多云,24.22,1,北,21.54,2022-11-17T06:00:00+08:00
87.14,21.14,1.35,27,0.00,1004.85,8.83,69.22,4,多云,24.03,1,东北,21.86,2022-11-17T07:00:00+08:00
84.29,21.59,1.96,58,0.00,1005.27,78.41,100.00,9,阴,24.39,1,东北,21.73,2022-11-17T08:00:00+08:00
75.75,25.48,3.11,58,0.00,1005.93,175.82,93.16,9,阴,28.93,1,东北,24.69,2022-11-17T10:00:00+08:00
73.04,24.35,0.82,50,0.00,1005.61,161.24,93.16,9,阴,27.64,0,东北,22.26,2022-11-17T11:00:00+08:00
73.86,24.24,1.29,323,0.00,1004.78,300.35,98.49,9,阴,27.46,1,西北,22.36,2022-11-17T12:00:00+08:00
73.03,25.78,0.83,336,0.00,1003.73,325.44,98.98,9,阴,29.57,0,西北,24.23,2022-11-17T13:00:00+08:00
72.50,25.76,2.08,309,0.00,1002.92,252.77,100.00,9,阴,29.28,1,西北,24.03,2022-11-17T14:00:00+08:00
72.99,25.03,1.81,333,0.00,1002.79,138.07,100.00,9,阴,28.38,1,西北,23.16,2022-11-17T15:00:00+08:00
74.81,24.61,1.75,19,0.00,1002.89,96.11,100.00,9,阴,27.93,1,东北,23.15,2022-11-17T16:00:00+08:00
79.23,23.40,2.09,29,0.00,1003.50,0.00,100.00,9,阴,26.51,1,东北,22.80,2022-11-17T18:00:00+08:00
80.99,23.06,1.71,30,0.00,1004.09,0.00,100.00,9,阴,26.22,1,东北,22.83,2022-11-17T19:00:00+08:00
81.69,22.74,2.53,44,0.00,1004.86,0.00,100.00,9,阴,25.68,1,东北,22.59,2022-11-17T20:00:00+08:00
83.32,22.03,2.62,45,0.00,1005.19,0.00,100.00,9,阴,24.80,1,东北,22.07,2022-11-17T21:00:00+08:00
84.10,21.69,2.33,25,0.00,1005.47,0.00,0.00,0,晴,24.44,1,东北,21.82,2022-11-17T22:00:00+08:00
85.41,21.22,3.26,26,0.00,1005.52,0.00,5.64,0,晴,23.71,1,东北,21.53,2022-11-17T23:00:00+08:00
85.58,20.69,3.26,43,0.00,1005.60,0.00,5.64,0,晴,23.01,1,东北,20.88,2022-11-18T00:00:00+08:00
85.48,20.51,3.19,24,0.00,1005.60,0.00,100.00,9,阴,22.78,1,东北,20.63,2022-11-18T01:00:00+08:00
84.59,20.30,2.40,19,0.00,1005.52,0.00,100.00,9,阴,22.60,1,东北,20.15,2022-11-18T02:00:00+08:00
85.77,20.31,2.14,26,0.00,1005.55,0.00,47.91,4,多云,22.73,1,东北,20.44,2022-11-18T03:00:00+08:00
88.05,20.09,2.06,41,0.00,1005.53,0.00,100.00,9,阴,22.56,1,东北,20.70,2022-11-18T04:00:00+08:00
88.21,19.57,2.43,22,0.00,1005.53,0.00,100.00,9,阴,21.80,1,东北,20.08,2022-11-18T05:00:00+08:00
89.53,19.64,2.56,21,0.00,1005.82,0.00,100.00,9,阴,21.94,1,东北,20.47,2022-11-18T06:00:00+08:00
89.53,19.28,2.88,32,0.00,1006.00,13.53,100.00,9,阴,21.40,1,东北,20.02,2022-11-18T07:00:00+08:00
87.93,20.73,2.55,14,0.00,1006.59,119.60,50.31,4,多云,23.31,1,东北,21.51,2022-11-18T08:00:00+08:00
78.80,23.55,1.65,45,0.00,1007.71,287.47,100.00,9,阴,26.76,1,东北,22.88,2022-11-18T10:00:00+08:00
72.99,26.54,2.43,82,0.00,1007.04,556.92,100.00,9,阴,30.31,1,东,25.33,2022-11-18T11:00:00+08:00
68.52,28.16,2.50,121,0.00,1005.94,448.92,21.23,0,晴,32.19,1,东南,26.14,2022-11-18T12:00:00+08:00
64.38,28.37,2.40,138,0.00,1004.39,445.75,0.00,0,晴,32.18,1,东南,24.86,2022-11-18T13:00:00+08:00
62.78,29.36,2.54,274,0.00,1003.41,434.36,0.00,0,晴,33.37,1,西,25.67,2022-11-18T14:00:00+08:00
60.81,28.40,1.49,227,0.00,1002.90,243.12,0.00,0,晴,32.11,1,西南,23.52,2022-11-18T15:00:00+08:00
60.67,27.66,2.03,271,0.00,1003.01,120.80,0.00,0,晴,31.01,1,西,22.48,2022-11-18T16:00:00+08:00
67.72,24.43,0.47,287,0.00,1004.28,0.00,0.00,0,晴,27.49,0,西北,20.73,2022-11-18T18:00:00+08:00
71.29,23.98,0.44,68,0.00,1004.87,0.00,0.00,0,晴,27.12,0,东北,21.25,2022-11-18T19:00:00+08:00
75.26,23.38,0.24,292,0.00,1005.72,0.00,0.00,0,晴,26.59,0,西北,21.63,2022-11-18T20:00:00+08:00
79.84,23.06,1.21,338,0.00,1006.07,0.00,0.00,0,晴,26.24,1,西北,22.51,2022-11-18T21:00:00+08:00
81.26,23.02,1.45,337,0.00,1006.31,0.00,0.00,0,晴,26.23,1,西北,22.86,2022-11-18T22:00:00+08:00
83.66,22.30,2.05,125,0.00,1006.67,0.00,0.00,0,晴,25.28,1,东南,22.53,2022-11-18T23:00:00+08:00
86.96,22.00,1.58,18,0.00,1006.61,0.00,0.00,0,晴,25.14,1,东北,22.99,2022-11-19T00:00:00+08:00
88.62,21.89,2.39,352,0.00,1006.36,0.00,0.00,0,晴,24.94,1,北,23.27,2022-11-19T01:00:00+08:00
89.52,21.59,0.53,326,0.00,1006.28,0.00,0.00,0,晴,24.91,0,西北,23.08,2022-11-19T02:00:00+08:00
91.38,21.29,0.84,6,0.00,1005.83,0.00,0.00,0,晴,24.55,0,北,23.13,2022-11-19T03:00:00+08:00
90.65,21.16,2.09,32,0.00,1005.48,0.00,0.00,0,晴,24.11,1,东北,22.77,2022-11-19T04:00:00+08:00
90.16,20.80,1.29,21,0.00,1005.47,0.00,0.00,0,晴,23.74,1,东北,22.15,2022-11-19T05:00:00+08:00
90.33,20.89,1.51,18,0.00,1006.34,8.83,0.00,0,晴,23.83,1,东北,22.31,2022-11-19T07:00:00+08:00
87.44,23.30,1.06,68,0.00,1006.81,122.43,0.00,0,晴,27.03,1,东北,25.01,2022-11-19T08:00:00+08:00
73.60,26.58,2.76,28,0.00,1008.66,446.41,0.00,0,晴,30.34,1,东北,25.60,2022-11-19T10:00:00+08:00
69.03,28.24,6.11,344,0.00,1007.29,554.98,0.00,0,晴,31.69,2,西北,26.46,2022-11-19T11:00:00+08:00
65.81,28.13,4.11,335,0.00,1005.97,628.90,0.00,0,晴,31.65,1,西北,25.06,2022-11-19T12:00:00+08:00
63.92,30.60,4.58,354,0.00,1004.86,561.21,58.63,4,多云,34.81,1,北,28.07,2022-11-19T13:00:00+08:00
62.45,30.79,3.50,303,0.00,1003.70,427.31,52.87,4,多云,35.14,1,西北,27.72,2022-11-19T14:00:00+08:00
62.47,28.26,2.17,318,0.00,1003.31,315.37,28.63,0,晴,31.93,1,西北,23.97,2022-11-19T15:00:00+08:00
63.55,28.75,2.19,10,0.00,1003.14,192.22,0.00,0,晴,32.67,1,北,25.09,2022-11-19T16:00:00+08:00
69.82,24.13,4.15,22,0.00,1003.53,0.00,0.00,0,晴,26.56,1,东北,21.00,2022-11-19T18:00:00+08:00
71.56,23.43,3.98,20,0.00,1004.24,0.00,0.00,0,晴,25.76,1,东北,20.63,2022-11-19T19:00:00+08:00
72.06,22.64,3.74,20,0.00,1004.97,0.00,0.00,0,晴,24.80,1,东北,19.81,2022-11-19T20:00:00+08:00
71.70,21.76,2.48,40,0.00,1005.06,0.00,0.00,0,晴,23.86,1,东北,18.68,2022-11-19T21:00:00+08:00
74.47,21.08,5.20,35,0.00,1005.58,0.00,0.00,0,晴,22.63,1,东北,18.61,2022-11-19T22:00:00+08:00
76.42,20.57,3.02,69,0.00,1005.51,0.00,0.00,0,晴,22.46,1,东北,18.51,2022-11-19T23:00:00+08:00
76.32,20.49,1.77,40,0.00,1005.38,0.00,0.00,0,晴,22.58,1,东北,18.39,2022-11-20T00:00:00+08:00
77.00,20.38,3.96,23,0.00,1005.10,0.00,0.00,0,晴,22.07,1,东北,18.43,2022-11-20T01:00:00+08:00
73.29,19.97,3.14,50,0.00,1005.01,0.00,0.00,0,晴,21.51,1,东北,17.10,2022-11-20T02:00:00+08:00
72.91,20.18,5.53,18,0.00,1005.09,0.00,100.00,9,阴,21.33,1,东北,17.24,2022-11-20T03:00:00+08:00
71.86,20.07,4.77,40,0.00,1005.01,0.00,100.00,9,阴,21.28,1,东北,16.87,2022-11-20T04:00:00+08:00
74.39,19.56,4.16,37,0.00,1005.10,0.00,100.00,9,阴,20.85,1,东北,16.93,2022-11-20T05:00:00+08:00
75.49,19.48,4.38,40,0.00,1005.40,0.00,84.23,9,阴,20.76,1,东北,17.09,2022-11-20T06:00:00+08:00
74.30,19.10,2.76,22,0.00,1005.75,8.83,84.23,9,阴,20.51,1,东北,16.43,2022-11-20T07:00:00+08:00
73.60,19.74,4.03,9,0.00,1006.61,116.96,43.55,4,多云,21.07,1,北,16.93,2022-11-20T08:00:00+08:00
66.67,24.45,1.38,30,0.00,1007.22,504.14,43.55,4,多云,27.29,1,东北,20.44,2022-11-20T10:00:00+08:00
62.42,26.95,3.81,331,0.00,1006.23,631.79,1.05,0,晴,29.87,1,西北,22.19,2022-11-20T11:00:00+08:00
60.65,28.14,5.03,335,0.00,1005.32,691.45,0.00,0,晴,31.11,1,西北,23.11,2022-11-20T12:00:00+08:00
58.74,28.95,4.51,345,0.00,1004.15,595.07,0.00,0,晴,32.14,1,西北,23.46,2022-11-20T13:00:00+08:00
57.39,28.74,4.42,327,0.00,1002.90,577.93,0.00,0,晴,31.77,1,西北,22.64,2022-11-20T14:00:00+08:00
57.79,27.91,2.94,323,0.00,1002.10,414.80,0.00,0,晴,30.96,1,西北,21.73,2022-11-20T15:00:00+08:00
58.83,26.40,1.09,356,0.00,1001.89,194.06,0.00,0,晴,29.39,1,北,20.25,2022-11-20T16:00:00+08:00
66.98,23.36,3.01,12,0.00,1002.11,0.00,0.00,0,晴,25.58,1,东北,19.23,2022-11-20T18:00:00+08:00
69.13,22.68,3.07,25,0.00,1002.71,0.00,0.00,0,晴,24.81,1,东北,19.05,2022-11-20T19:00:00+08:00
72.14,22.19,2.75,19,0.00,1003.43,0.00,0.00,0,晴,24.40,1,东北,19.29,2022-11-20T20:00:00+08:00
72.99,21.77,2.59,25,0.00,1004.11,0.00,0.00,0,晴,23.92,1,东北,19.03,2022-11-20T21:00:00+08:00
73.86,21.46,2.46,27,0.00,1004.61,0.00,0.00,0,晴,23.59,1,东北,18.89,2022-11-20T22:00:00+08:00
74.55,22.08,2.17,34,0.00,1004.87,0.00,0.00,0,晴,24.49,1,东北,19.81,2022-11-20T23:00:00+08:00
76.31,21.85,1.60,39,0.00,1004.62,0.00,0.00,0,晴,24.38,1,东北,19.99,2022-11-21T00:00:00+08:00
78.69,20.93,3.02,17,0.00,1003.64,0.00,5.84,0,晴,23.04,1,东北,19.49,2022-11-21T02:00:00+08:00
78.62,20.35,3.00,13,0.00,1003.61,0.00,5.84,0,晴,22.28,1,东北,18.78,2022-11-21T03:00:00+08:00
77.73,20.28,3.28,47,0.00,1003.84,0.00,100.00,9,阴,22.10,1,东北,18.49,2022-11-21T04:00:00+08:00
77.88,19.79,3.45,24,0.00,1004.44,0.00,4.49,0,晴,21.44,1,东北,17.97,2022-11-21T06:00:00+08:00
78.81,19.63,3.28,18,0.00,1004.81,8.83,0.00,0,晴,21.31,1,东北,18.01,2022-11-21T07:00:00+08:00
77.05,20.61,3.11,23,0.00,1005.36,119.84,0.00,0,晴,22.53,1,东北,18.71,2022-11-21T08:00:00+08:00
67.75,24.39,2.89,76,0.00,1005.96,505.82,0.00,0,晴,27.00,1,东北,20.69,2022-11-21T10:00:00+08:00
59.77,28.99,2.72,80,0.00,1004.05,677.19,78.05,4,多云,32.60,1,东,23.93,2022-11-21T12:00:00+08:00
56.59,28.63,0.46,217,0.00,1002.80,412.39,60.67,4,多云,32.27,0,西南,22.19,2022-11-21T13:00:00+08:00
59.10,26.59,2.09,182,0.00,1002.15,214.52,100.00,9,阴,29.48,1,南,20.57,2022-11-21T14:00:00+08:00
61.49,26.34,1.49,141,0.00,1001.64,163.06,89.44,9,阴,29.42,1,东南,21.09,2022-11-21T15:00:00+08:00
64.37,25.88,2.65,146,0.00,1001.32,77.98,100.00,9,阴,28.79,1,东南,21.48,2022-11-21T16:00:00+08:00
69.30,25.15,2.37,184,0.00,1002.04,0.00,100.00,9,阴,28.20,1,南,22.15,2022-11-21T18:00:00+08:00
71.94,24.79,1.67,146,0.00,1002.46,0.00,100.00,9,阴,28.01,1,东南,22.50,2022-11-21T19:00:00+08:00
73.03,24.52,1.78,106,0.00,1002.94,0.00,100.00,9,阴,27.70,1,东南,22.48,2022-11-21T20:00:00+08:00
73.22,24.36,2.82,142,0.00,1003.39,0.00,100.00,9,阴,27.31,1,东南,22.32,2022-11-21T21:00:00+08:00
75.37,24.05,1.74,132,0.00,1003.88,0.00,100.00,9,阴,27.22,1,东南,22.56,2022-11-21T22:00:00+08:00
77.05,23.92,3.80,145,0.00,1004.13,0.00,100.00,9,阴,26.77,1,东南,22.88,2022-11-21T23:00:00+08:00
77.79,23.87,5.09,127,0.00,1004.09,0.00,100.00,9,阴,26.52,1,东南,23.03,2022-11-22T00:00:00+08:00
79.92,23.65,5.77,127,0.00,1003.72,0.00,100.00,9,阴,26.22,1,东南,23.35,2022-11-22T01:00:00+08:00
81.38,23.38,2.28,122,0.00,1003.49,0.00,100.00,9,阴,26.57,1,东南,23.39,2022-11-22T02:00:00+08:00
79.38,23.11,0.93,120,0.00,1003.32,0.00,100.00,9,阴,26.34,0,东南,22.45,2022-11-22T03:00:00+08:00
82.57,22.77,1.68,356,0.00,1003.15,0.00,99.99,9,阴,25.92,1,北,22.88,2022-11-22T04:00:00+08:00
85.73,21.29,2.01,352,0.30,1002.86,0.00,99.99,13,小雨,24.05,1,北,21.70,2022-11-22T05:00:00+08:00
88.46,20.94,2.75,348,0.00,1003.21,0.00,99.85,9,阴,23.58,1,西北,21.92,2022-11-22T06:00:00+08:00
91.89,20.82,1.22,337,0.81,1003.79,8.83,100.00,13,小雨,23.86,1,西北,22.60,2022-11-22T07:00:00+08:00
93.47,21.15,1.12,350,0.97,1004.34,,98.13,13,小雨,24.41,1,北,23.46,2022-11-22T08:00:00+08:00
91.79,21.89,1.82,345,0.75,1005.15,149.86,98.13,13,小雨,25.20,1,西北,24.10,2022-11-22T10:00:00+08:00
91.31,22.44,0.79,56,1.02,1004.96,141.27,99.91,13,小雨,26.11,0,东北,24.80,2022-11-22T11:00:00+08:00
91.34,22.38,1.12,83,0.50,1004.24,190.40,99.96,13,小雨,25.97,1,东,24.71,2022-11-22T12:00:00+08:00
92.04,22.22,1.90,79,0.81,1003.53,226.54,99.99,13,小雨,25.65,1,东,24.66,2022-11-22T13:00:00+08:00
91.73,21.85,1.87,44,1.16,1002.35,146.23,100.00,13,小雨,25.13,1,东北,24.03,2022-11-22T14:00:00+08:00
90.82,22.00,1.19,27,1.53,1001.90,116.17,100.00,13,小雨,25.41,1,东北,24.01,2022-11-22T15:00:00+08:00
89.05,22.13,1.41,68,1.09,1001.88,65.68,100.00,13,小雨,25.46,1,东北,23.73,2022-11-22T16:00:00+08:00
90.75,21.74,2.01,56,0.98,1001.98,0.00,100.00,13,小雨,24.91,1,东北,23.61,2022-11-22T18:00:00+08:00
92.43,21.57,0.93,28,0.43,1002.58,0.00,100.00,13,小雨,24.96,0,东北,23.80,2022-11-22T19:00:00+08:00
94.79,21.50,1.27,29,0.98,1003.38,0.00,99.92,13,小雨,24.93,1,东北,24.31,2022-11-22T21:00:00+08:00
95.49,21.50,1.55,46,3.40,1003.92,0.00,99.87,14,中雨,24.91,1,东北,24.49,2022-11-22T22:00:00+08:00
96.67,21.45,2.10,17,2.77,1004.11,0.00,99.56,14,中雨,24.80,1,东北,24.71,2022-11-22T23:00:00+08:00
96.15,21.37,2.41,42,2.85,1004.02,0.00,99.56,14,中雨,24.61,1,东北,24.46,2022-11-23T00:00:00+08:00
95.60,20.92,3.22,22,2.87,1003.85,0.00,98.91,14,中雨,23.83,1,东北,23.66,2022-11-23T01:00:00+08:00
94.56,20.55,3.89,31,1.26,1003.87,0.00,98.86,13,小雨,23.15,1,东北,22.87,2022-11-23T02:00:00+08:00
94.37,20.21,3.29,37,0.42,1003.49,0.00,98.86,13,小雨,22.79,1,东北,22.35,2022-11-23T03:00:00+08:00
94.41,20.05,3.67,32,0.68,1003.40,0.00,100.00,13,小雨,22.51,1,东北,22.14,2022-11-23T04:00:00+08:00
95.09,19.81,2.10,51,2.50,1003.40,0.00,100.00,14,中雨,22.50,1,东北,21.97,2022-11-23T05:00:00+08:00
95.38,19.76,3.72,14,2.45,1003.71,0.00,100.00,13,小雨,22.16,1,东北,21.97,2022-11-23T06:00:00+08:00
95.45,19.34,3.46,31,4.11,1004.63,8.83,100.00,14,中雨,21.64,1,东北,21.42,2022-11-23T07:00:00+08:00
95.90,19.39,3.09,339,9.66,1005.44,21.44,44.28,15,大雨,21.80,1,西北,21.59,2022-11-23T08:00:00+08:00
91.53,19.96,2.30,14,0.00,1006.36,153.05,42.98,4,多云,22.50,1,东北,21.35,2022-11-23T10:00:00+08:00
87.48,19.91,4.15,12,0.00,1005.96,163.84,42.98,4,多云,21.91,1,东北,20.34,2022-11-23T11:00:00+08:00
84.96,20.12,3.86,329,0.00,1005.27,268.92,93.66,9,阴,22.13,1,西北,20.01,2022-11-23T12:00:00+08:00
84.54,20.04,4.67,342,0.00,1004.44,209.09,65.34,4,多云,21.85,1,西北,19.82,2022-11-23T13:00:00+08:00
86.02,19.84,4.17,18,0.00,1003.65,160.87,94.40,9,阴,21.75,1,东北,19.91,2022-11-23T14:00:00+08:00
87.74,19.64,2.53,27,0.00,1003.57,138.78,73.38,4,多云,21.86,1,东北,20.06,2022-11-23T15:00:00+08:00
89.42,18.51,1.11,319,0.00,1004.10,0.00,75.67,4,多云,20.71,1,西北,19.06,2022-11-23T18:00:00+08:00
88.91,18.48,1.66,43,0.00,1004.54,0.00,75.67,4,多云,20.55,1,东北,18.91,2022-11-23T19:00:00+08:00
91.01,18.53,3.09,358,0.19,1004.62,0.00,99.64,13,小雨,20.44,1,北,19.42,2022-11-23T20:00:00+08:00
89.93,18.49,2.58,324,0.20,1005.32,0.00,99.79,13,小雨,20.44,1,西北,19.14,2022-11-23T21:00:00+08:00
90.15,18.40,1.86,50,0.00,1005.56,0.00,99.91,9,阴,20.46,1,东北,19.08,2022-11-23T22:00:00+08:00
90.93,18.36,2.77,38,0.00,1005.54,0.00,99.69,9,阴,20.27,1,东北,19.20,2022-11-23T23:00:00+08:00
92.27,18.22,1.05,47,0.00,1005.51,0.00,99.69,9,阴,20.46,1,东北,19.31,2022-11-24T00:00:00+08:00
95.33,18.14,1.99,37,0.26,1005.29,0.00,99.96,13,小雨,20.31,1,东北,19.85,2022-11-24T01:00:00+08:00
97.72,17.99,0.78,357,0.87,1004.94,0.00,99.06,13,小雨,20.43,0,北,20.16,2022-11-24T02:00:00+08:00
98.76,17.97,1.99,15,0.58,1005.04,0.00,98.15,13,小雨,20.23,1,东北,20.34,2022-11-24T03:00:00+08:00
98.73,18.01,2.79,45,0.31,1004.66,0.00,99.98,13,小雨,20.13,1,东北,20.39,2022-11-24T04:00:00+08:00
97.09,17.88,0.30,350,0.22,1004.62,0.00,100.00,13,小雨,20.35,0,北,19.89,2022-11-24T05:00:00+08:00
95.83,17.86,3.90,45,1.07,1004.67,0.00,99.07,13,小雨,19.62,1,东北,19.60,2022-11-24T06:00:00+08:00
95.94,17.71,3.31,42,1.22,1005.10,8.83,98.59,13,小雨,19.53,1,东北,19.44,2022-11-24T07:00:00+08:00
95.85,17.56,1.40,60,0.24,1005.89,50.74,99.05,13,小雨,19.68,1,东北,19.24,2022-11-24T08:00:00+08:00
95.60,17.81,4.64,358,0.16,1006.67,125.86,99.50,13,小雨,19.41,1,北,19.50,2022-11-24T09:00:00+08:00
95.67,17.92,4.28,18,0.49,1006.88,85.47,100.00,13,小雨,19.62,1,东北,19.65,2022-11-24T10:00:00+08:00
96.33,17.37,1.74,85,5.85,1006.59,43.72,100.00,14,中雨,19.39,1,东,19.11,2022-11-24T12:00:00+08:00
97.01,17.57,2.24,323,8.17,1006.34,123.61,100.00,15,大雨,19.59,1,西北,19.49,2022-11-24T13:00:00+08:00
97.48,17.31,1.31,17,8.25,1005.15,42.26,100.00,15,大雨,19.43,1,东北,19.26,2022-11-24T14:00:00+08:00
97.23,17.53,2.26,34,5.14,1004.63,111.04,100.00,14,中雨,19.53,1,东北,19.48,2022-11-24T15:00:00+08:00
97.49,17.75,1.90,352,4.36,1004.76,16.25,100.00,14,中雨,19.90,1,北,19.81,2022-11-24T16:00:00+08:00
96.78,17.36,1.51,22,0.10,1005.69,0.00,100.00,9,阴,19.43,1,东北,19.18,2022-11-24T18:00:00+08:00
96.62,17.24,2.60,16,0.18,1006.14,0.00,100.00,13,小雨,19.07,1,东北,19.01,2022-11-24T19:00:00+08:00
95.97,17.27,2.02,23,0.00,1006.68,0.00,95.91,9,阴,19.19,1,东北,18.92,2022-11-24T20:00:00+08:00
96.36,17.31,1.31,4,0.00,1007.22,0.00,100.00,9,阴,19.39,1,北,19.04,2022-11-24T21:00:00+08:00
96.68,17.39,1.61,17,1.17,1007.13,0.00,94.90,13,小雨,19.45,1,东北,19.20,2022-11-24T22:00:00+08:00
96.68,17.33,1.80,39,0.00,1007.23,0.00,96.20,9,阴,19.34,1,东北,19.13,2022-11-25T00:00:00+08:00
96.73,17.30,2.16,73,0.00,1006.82,0.00,99.79,9,阴,19.23,1,东北,19.10,2022-11-25T01:00:00+08:00
96.37,17.25,1.91,42,0.00,1006.75,0.00,100.00,9,阴,19.20,1,东北,18.97,2022-11-25T02:00:00+08:00
96.13,17.25,1.96,33,0.73,1006.33,0.00,99.53,13,小雨,19.18,1,东北,18.92,2022-11-25T03:00:00+08:00
95.86,17.28,1.19,354,1.91,1006.10,0.00,99.66,13,小雨,19.35,1,北,18.91,2022-11-25T04:00:00+08:00
97.32,17.26,1.97,31,0.00,1005.92,0.00,99.68,9,阴,19.24,1,东北,19.17,2022-11-25T05:00:00+08:00
96.84,17.34,3.07,22,0.00,1005.91,0.00,99.87,9,阴,19.13,1,东北,19.17,2022-11-25T06:00:00+08:00
96.92,17.35,2.50,8,0.39,1006.02,8.83,99.87,13,小雨,19.25,1,北,19.20,2022-11-25T07:00:00+08:00
96.76,17.68,1.79,14,0.82,1006.63,10.13,100.00,13,小雨,19.80,1,东北,19.57,2022-11-25T08:00:00+08:00
95.52,18.25,2.27,352,0.00,1007.36,124.86,100.00,9,阴,20.41,1,北,20.03,2022-11-25T10:00:00+08:00
95.02,18.26,1.63,10,0.00,1007.05,39.96,100.00,9,阴,20.52,1,北,19.93,2022-11-25T11:00:00+08:00
95.27,18.05,2.74,35,0.00,1006.19,162.63,100.00,9,阴,20.06,1,东北,19.72,2022-11-25T12:00:00+08:00
94.49,18.21,1.81,352,0.00,1005.47,70.24,100.00,9,阴,20.40,1,北,19.76,2022-11-25T13:00:00+08:00
95.61,17.75,3.21,48,0.23,1005.03,130.66,100.00,13,小雨,19.59,1,东北,19.42,2022-11-25T14:00:00+08:00
96.36,17.70,1.66,91,0.36,1004.76,137.36,100.00,13,小雨,19.83,1,东,19.52,2022-11-25T15:00:00+08:00
97.05,17.96,1.27,30,1.19,1005.30,83.16,100.00,13,小雨,20.28,1,东北,19.98,2022-11-25T16:00:00+08:00
98.16,17.99,0.64,46,1.80,1005.23,0.00,100.00,13,小雨,20.47,0,东北,20.25,2022-11-25T18:00:00+08:00
97.74,18.03,1.47,339,1.87,1006.05,0.00,100.00,13,小雨,20.36,1,西北,20.21,2022-11-25T19:00:00+08:00
96.89,17.96,1.12,1,0.51,1006.64,0.00,100.00,13,小雨,20.30,1,北,19.95,2022-11-25T20:00:00+08:00
96.95,18.03,1.69,16,1.71,1006.54,0.00,100.00,13,小雨,20.29,1,东北,20.05,2022-11-25T21:00:00+08:00
97.11,17.94,1.22,25,4.09,1006.89,0.00,100.00,14,中雨,20.26,1,东北,19.97,2022-11-25T22:00:00+08:00
97.08,17.96,0.86,47,2.47,1006.71,0.00,100.00,13,小雨,20.35,0,东北,19.99,2022-11-25T23:00:00+08:00
97.00,17.94,1.20,25,0.70,1006.56,0.00,97.20,13,小雨,20.26,1,东北,19.94,2022-11-26T00:00:00+08:00
97.12,17.94,1.95,28,0.17,1006.57,0.00,99.06,13,小雨,20.13,1,东北,19.97,2022-11-26T01:00:00+08:00
97.07,17.94,1.74,59,0.47,1005.88,0.00,97.70,13,小雨,20.17,1,东北,19.96,2022-11-26T02:00:00+08:00
97.07,17.84,0.95,75,0.53,1005.68,0.00,100.00,13,小雨,20.18,0,东北,19.83,2022-11-26T03:00:00+08:00
96.89,17.87,1.60,39,2.36,1005.44,0.00,100.00,13,小雨,20.09,1,东北,19.83,2022-11-26T04:00:00+08:00
95.67,17.85,1.03,55,2.91,1005.17,0.00,99.60,14,中雨,20.11,1,东北,19.56,2022-11-26T05:00:00+08:00
96.47,17.85,1.63,40,0.91,1005.41,0.00,69.05,13,小雨,20.04,1,东北,19.72,2022-11-26T06:00:00+08:00
96.59,17.82,2.16,67,0.83,1005.82,1.97,98.06,13,小雨,19.91,1,东北,19.71,2022-11-26T07:00:00+08:00
96.93,18.02,1.44,60,0.00,1006.83,69.22,51.43,4,多云,20.32,1,东北,20.03,2022-11-26T08:00:00+08:00
90.83,19.66,1.90,55,0.00,1007.65,349.52,94.68,9,阴,22.14,1,东北,20.79,2022-11-26T10:00:00+08:00
85.33,20.89,2.83,65,0.00,1006.93,348.10,94.68,9,阴,23.34,1,东北,21.08,2022-11-26T11:00:00+08:00
83.31,20.79,1.85,350,0.00,1006.29,271.36,94.44,9,阴,23.29,1,北,20.45,2022-11-26T12:00:00+08:00
83.54,20.75,2.48,351,0.00,1005.29,242.80,95.00,9,阴,23.14,1,北,20.46,2022-11-26T13:00:00+08:00
86.98,20.16,1.46,14,0.13,1003.71,95.81,96.16,13,小雨,22.70,1,东北,20.54,2022-11-26T15:00:00+08:00
89.21,20.12,1.19,321,0.00,1003.40,62.14,100.00,9,阴,22.81,1,西北,21.01,2022-11-26T16:00:00+08:00
95.20,19.29,0.78,33,0.78,1003.87,0.00,100.00,13,小雨,22.05,0,东北,21.30,2022-11-26T18:00:00+08:00
95.55,19.11,1.04,51,2.65,1004.07,0.00,100.00,14,中雨,21.78,1,东北,21.14,2022-11-26T19:00:00+08:00
95.34,19.10,0.35,99,0.21,1004.44,0.00,90.08,13,小雨,21.88,0,东,21.08,2022-11-26T20:00:00+08:00
95.86,19.00,1.20,29,0.12,1004.45,0.00,100.00,13,小雨,21.62,1,东北,21.06,2022-11-26T21:00:00+08:00
96.34,18.91,0.97,355,0.00,1004.46,0.00,99.05,9,阴,21.56,0,北,21.05,2022-11-26T22:00:00+08:00
97.14,18.91,1.22,85,0.00,1004.11,0.00,100.00,9,阴,21.55,1,东,21.22,2022-11-26T23:00:00+08:00
96.64,18.90,0.69,47,0.00,1003.85,0.00,100.00,9,阴,21.61,0,东北,21.10,2022-11-27T00:00:00+08:00
96.37,18.83,1.03,114,0.00,1003.40,0.00,98.71,9,阴,21.44,1,东南,20.95,2022-11-27T01:00:00+08:00
96.20,19.70,1.12,146,0.00,1003.07,0.00,99.05,9,阴,22.58,1,东南,22.08,2022-11-27T02:00:00+08:00
95.83,19.85,2.40,161,0.00,1002.69,0.00,99.40,9,阴,22.53,1,东南,22.20,2022-11-27T03:00:00+08:00
95.35,19.04,2.48,136,0.00,1002.41,0.00,98.87,9,阴,21.41,1,东南,21.00,2022-11-27T04:00:00+08:00
97.01,19.24,3.15,149,0.00,1002.21,0.00,99.29,9,阴,21.63,1,东南,21.64,2022-11-27T05:00:00+08:00
96.71,19.24,2.37,141,0.14,1002.28,0.00,99.44,13,小雨,21.76,1,东南,21.57,2022-11-27T06:00:00+08:00
96.51,19.28,2.44,138,0.12,1002.61,0.62,99.44,13,小雨,21.79,1,东南,21.58,2022-11-27T07:00:00+08:00
96.32,19.50,3.91,149,0.00,1003.38,57.93,100.00,9,阴,21.81,1,东南,21.83,2022-11-27T08:00:00+08:00
95.43,20.18,3.51,146,0.00,1003.76,223.59,99.29,9,阴,22.76,1,东南,22.56,2022-11-27T10:00:00+08:00
93.90,20.41,3.15,143,0.00,1003.33,209.21,99.29,9,阴,23.06,1,东南,22.52,2022-11-27T11:00:00+08:00
93.81,20.56,2.78,152,0.00,1002.76,155.64,99.29,9,阴,23.33,1,东南,22.71,2022-11-27T12:00:00+08:00
95.18,20.91,2.53,142,0.11,1001.87,210.25,99.69,13,小雨,23.91,1,东南,23.54,2022-11-27T13:00:00+08:00
95.09,20.96,2.50,116,0.10,1000.72,138.47,100.00,9,阴,23.98,1,东南,23.59,2022-11-27T14:00:00+08:00
94.74,21.07,3.06,106,0.00,1000.11,94.62,99.82,9,阴,24.01,1,东南,23.66,2022-11-27T15:00:00+08:00
97.28,20.91,3.02,79,0.00,1000.20,0.00,100.00,9,阴,23.93,1,东,24.06,2022-11-27T18:00:00+08:00
96.75,21.01,1.60,90,0.00,1000.29,0.00,100.00,9,阴,24.30,1,东,24.08,2022-11-27T19:00:00+08:00
96.86,21.25,3.16,113,0.00,1001.00,0.00,85.61,9,阴,24.34,1,东南,24.46,2022-11-27T20:00:00+08:00
97.06,21.24,2.97,110,0.00,1000.95,0.00,83.22,9,阴,24.37,1,东南,24.50,2022-11-27T21:00:00+08:00
97.05,21.30,3.45,123,0.00,1001.00,0.00,89.98,9,阴,24.37,1,东南,24.58,2022-11-27T22:00:00+08:00
96.85,21.42,3.34,125,0.00,1000.99,0.00,89.98,9,阴,24.54,1,东南,24.71,2022-11-27T23:00:00+08:00
96.87,21.42,3.70,124,0.00,1000.75,0.00,92.56,9,阴,24.48,1,东南,24.72,2022-11-28T00:00:00+08:00
96.80,21.66,3.82,125,0.00,1000.50,0.00,100.00,9,阴,24.79,1,东南,25.07,2022-11-28T01:00:00+08:00
96.91,21.84,4.01,129,0.00,1000.41,0.00,100.00,9,阴,25.01,1,东南,25.37,2022-11-28T02:00:00+08:00
96.33,21.93,4.50,138,0.00,1000.17,0.00,100.00,9,阴,25.01,1,东南,25.36,2022-11-28T03:00:00+08:00
97.40,21.87,3.71,133,0.00,1000.04,0.00,98.79,9,阴,25.13,1,东南,25.55,2022-11-28T04:00:00+08:00
97.42,21.93,2.25,144,0.00,1000.37,0.00,100.00,9,阴,25.47,1,东南,25.65,2022-11-28T05:00:00+08:00
97.39,22.01,2.56,158,1.99,1000.84,0.00,97.84,13,小雨,25.53,1,东南,25.76,2022-11-28T06:00:00+08:00
97.77,21.99,5.40,141,0.35,1001.32,0.53,99.40,13,小雨,25.01,1,东南,25.83,2022-11-28T07:00:00+08:00
97.74,22.45,4.63,148,0.00,1002.10,97.04,82.61,9,阴,25.78,1,东南,26.56,2022-11-28T08:00:00+08:00
94.17,22.74,5.09,150,0.00,1002.56,142.78,100.00,9,阴,25.91,1,东南,26.04,2022-11-28T09:00:00+08:00
90.87,23.73,4.74,154,0.00,1003.11,303.00,100.00,9,阴,27.15,1,东南,26.68,2022-11-28T10:00:00+08:00
85.27,24.88,4.11,174,0.00,1002.73,257.96,100.00,9,阴,28.53,1,南,26.82,2022-11-28T11:00:00+08:00
80.23,25.78,4.94,202,0.00,1001.85,434.42,93.55,9,阴,29.30,1,西南,26.62,2022-11-28T12:00:00+08:00
80.23,25.96,6.10,178,0.00,1000.75,170.96,89.21,9,阴,29.34,2,南,26.90,2022-11-28T13:00:00+08:00
79.50,26.20,3.46,204,0.00,999.91,128.67,86.07,9,阴,30.10,1,西南,27.04,2022-11-28T14:00:00+08:00
79.26,26.37,5.17,183,0.00,999.70,126.91,100.00,9,阴,30.01,1,南,27.23,2022-11-28T15:00:00+08:00
79.17,26.35,4.78,174,0.00,999.88,117.41,100.00,9,阴,30.05,1,南,27.17,2022-11-28T16:00:00+08:00
87.64,25.26,3.99,131,0.10,1000.54,0.00,100.00,9,阴,29.23,1,东南,28.19,2022-11-28T18:00:00+08:00
87.93,24.82,4.70,137,0.00,1001.07,0.00,100.00,9,阴,28.50,1,东南,27.56,2022-11-28T19:00:00+08:00
88.89,24.46,4.57,137,0.00,1001.49,0.00,100.00,9,阴,28.08,1,东南,27.26,2022-11-28T20:00:00+08:00
89.70,24.17,4.02,142,0.00,1002.04,0.00,100.00,9,阴,27.83,1,东南,27.04,2022-11-28T21:00:00+08:00
90.75,23.87,3.65,138,0.00,1002.15,0.00,100.00,9,阴,27.54,1,东南,26.87,2022-11-28T22:00:00+08:00
92.95,23.76,3.23,147,0.00,1002.23,0.00,40.85,4,多云,27.59,1,东南,27.34,2022-11-28T23:00:00+08:00
92.82,23.81,3.59,151,0.00,1002.18,0.00,40.85,4,多云,27.59,1,东南,27.38,2022-11-29T00:00:00+08:00
93.54,23.69,3.61,139,0.00,1002.06,0.00,68.75,4,多云,27.46,1,东南,27.39,2022-11-29T01:00:00+08:00
93.76,23.71,2.74,135,0.00,1001.70,0.00,71.65,4,多云,27.66,1,东南,27.49,2022-11-29T02:00:00+08:00
93.63,23.43,1.27,143,0.00,1001.77,0.00,100.00,9,阴,27.53,1,东南,27.00,2022-11-29T03:00:00+08:00
93.81,23.39,2.45,133,0.00,1001.77,0.00,77.30,4,多云,27.27,1,东南,26.98,2022-11-29T04:00:00+08:00
95.13,23.18,2.20,142,0.00,1002.06,0.00,77.89,4,多云,27.09,1,东南,27.02,2022-11-29T05:00:00+08:00
94.93,23.12,2.76,131,0.00,1002.28,0.00,78.47,4,多云,26.90,1,东南,26.86,2022-11-29T06:00:00+08:00
94.37,23.11,2.92,154,0.00,1002.88,0.46,78.47,4,多云,26.82,1,东南,26.69,2022-11-29T07:00:00+08:00
94.09,23.35,2.82,163,0.00,1003.47,78.81,100.00,9,阴,27.16,1,东南,27.00,2022-11-29T08:00:00+08:00
91.70,23.84,3.91,144,0.00,1004.11,165.49,100.00,9,阴,27.50,1,东南,27.10,2022-11-29T09:00:00+08:00
87.25,24.46,5.12,155,0.00,1004.28,162.16,100.00,9,阴,27.89,1,东南,26.76,2022-11-29T10:00:00+08:00
81.57,25.27,5.88,146,0.00,1003.93,282.99,100.00,9,阴,28.52,1,东南,26.26,2022-11-29T11:00:00+08:00
78.80,25.38,4.18,161,0.00,1003.42,233.78,100.00,9,阴,28.79,1,东南,25.53,2022-11-29T12:00:00+08:00
79.21,25.77,2.42,182,0.00,1002.36,169.74,100.00,9,阴,29.68,1,南,26.26,2022-11-29T13:00:00+08:00
77.74,26.02,3.16,149,0.00,1001.59,158.34,71.00,4,多云,29.79,1,东南,26.16,2022-11-29T14:00:00+08:00
77.44,26.71,3.17,177,0.00,1000.98,140.58,76.33,4,多云,30.72,1,南,27.14,2022-11-29T15:00:00+08:00
75.81,27.06,1.95,168,0.00,1000.76,145.01,33.81,0,晴,31.31,1,东南,27.12,2022-11-29T16:00:00+08:00
83.07,25.09,1.95,345,0.00,1001.48,0.00,100.00,9,阴,29.07,1,西北,26.45,2022-11-29T18:00:00+08:00
86.66,24.31,2.01,327,0.00,1002.35,0.00,100.00,9,阴,28.20,1,西北,26.34,2022-11-29T19:00:00+08:00
89.65,24.52,0.90,57,0.00,1003.20,0.00,100.00,9,阴,28.88,0,东北,27.60,2022-11-29T20:00:00+08:00
90.92,24.28,0.95,357,0.00,1003.79,0.00,100.00,9,阴,28.61,0,北,27.59,2022-11-29T21:00:00+08:00
91.05,24.07,1.43,18,0.00,1004.53,0.00,63.68,4,多云,28.24,1,东北,27.28,2022-11-29T22:00:00+08:00
90.61,21.30,1.38,44,0.00,1007.88,0.00,73.75,4,多云,24.42,1,东北,22.95,2022-11-29T23:00:00+08:00
87.88,22.48,4.82,359,0.00,1004.65,0.00,73.75,4,多云,25.25,1,北,23.92,2022-11-30T00:00:00+08:00
83.77,20.35,6.73,19,0.00,1005.16,0.00,94.04,9,阴,21.85,2,东北,20.02,2022-11-30T01:00:00+08:00
80.35,18.22,8.32,36,0.00,1005.81,0.00,100.00,9,阴,18.65,2,东北,16.81,2022-11-30T02:00:00+08:00
81.80,16.96,6.08,34,0.00,1006.32,0.00,100.00,9,阴,17.50,2,东北,15.81,2022-11-30T03:00:00+08:00
86.80,15.19,7.98,17,0.00,1007.06,0.00,100.00,9,阴,15.10,2,东北,14.98,2022-11-30T04:00:00+08:00
86.09,14.19,8.67,13,0.00,1007.54,0.00,100.00,9,阴,13.70,2,东北,13.93,2022-11-30T05:00:00+08:00
83.53,13.86,10.03,14,0.00,1008.53,0.00,100.00,9,阴,12.96,2,东北,13.23,2022-11-30T06:00:00+08:00
83.38,13.67,8.04,16,0.00,1009.69,0.39,100.00,9,阴,13.08,2,东北,13.05,2022-11-30T07:00:00+08:00
82.95,13.62,9.42,16,0.00,1010.52,41.58,100.00,9,阴,12.75,2,东北,12.94,2022-11-30T08:00:00+08:00
80.74,13.90,8.49,6,0.00,1011.35,81.70,44.21,4,多云,13.20,2,北,12.82,2022-11-30T09:00:00+08:00
82.16,14.01,5.78,332,0.00,1012.08,202.00,44.21,4,多云,13.87,1,西北,13.14,2022-11-30T10:00:00+08:00
79.48,14.33,4.22,358,0.00,1011.97,135.17,44.21,4,多云,14.46,1,北,12.98,2022-11-30T11:00:00+08:00
78.61,14.34,3.90,346,0.00,1011.50,212.87,49.00,4,多云,14.51,1,西北,12.85,2022-11-30T12:00:00+08:00
75.59,13.75,6.34,16,0.00,1010.38,172.21,53.92,4,多云,13.24,2,东北,11.89,2022-11-30T13:00:00+08:00
76.02,13.65,4.17,17,0.00,1009.98,116.90,58.96,4,多云,13.52,1,东北,11.88,2022-11-30T14:00:00+08:00
77.31,13.22,4.77,10,0.00,1009.38,151.44,46.17,4,多云,12.93,1,北,11.75,2022-11-30T15:00:00+08:00
77.99,12.62,4.69,7,0.00,1009.70,66.44,22.84,0,晴,12.23,1,北,11.39,2022-11-30T16:00:00+08:00
80.29,11.39,7.65,352,0.00,1011.05,0.00,100.00,9,阴,10.26,2,北,10.82,2022-11-30T18:00:00+08:00
81.44,11.07,6.25,2,0.00,1011.72,0.00,100.00,9,阴,10.16,2,北,10.74,2022-11-30T19:00:00+08:00
81.75,10.79,3.73,359,0.00,1012.31,0.00,100.00,9,阴,10.28,1,北,10.58,2022-11-30T20:00:00+08:00
80.72,10.74,4.02,344,0.00,1012.81,0.00,100.00,9,阴,10.14,1,西北,10.41,2022-11-30T21:00:00+08:00
79.39,10.24,5.75,12,0.00,1013.32,0.00,100.00,9,阴,9.19,1,东北,9.91,2022-11-30T22:00:00+08:00
